4 0.7639375078612126 0.06016321508091924 0.8905337328944958 0.057143026809761535 0.9075704496702618 0.45883686454023953 0.7809742246369786 0.4618570528113972
0 0.8282798936983766 0.39467675020038745 0.8939925971803295 0.39467675020038745 0.8939925971803295 0.4204451757167514 0.8282798936983766 0.4204451757167514
1 0.773149161590705 0.3582107763365605 0.9123411445208981 0.3582107763365605 0.9123411445208981 0.4600306043789933 0.773149161590705 0.4600306043789933
1 0.7681818654819691 0.2597781887429245 0.9080436793897311 0.2597781887429245 0.9080436793897311 0.35551483171754256 0.7681818654819691 0.35551483171754256
1 0.7661636259035562 0.16388887565573737 0.9032286575913719 0.16388887565573737 0.9032286575913719 0.2577815699995968 0.7661636259035562 0.2577815699995968
1 0.759435692727695 0.059120044334919866 0.8986860176462611 0.059120044334919866 0.8986860176462611 0.15987716269560137 0.759435692727695 0.15987716269560137
2 0.8899810857564375 0.08521159494935086 0.898126323634596 0.08521159494935086 0.898126323634596 0.13876220142490353 0.8899810857564375 0.13876220142490353
2 0.893004666955546 0.18199039921380236 0.9027022133043267 0.18199039921380236 0.9027022133043267 0.2359810550994099 0.893004666955546 0.2359810550994099
2 0.8982107819285257 0.27996354599177437 0.9075205209479164 0.27996354599177437 0.9075205209479164 0.3336735787959517 0.8982107819285257 0.3336735787959517
2 0.904118885536985 0.37879000635146215 0.9130705576710144 0.37879000635146215 0.9130705576710144 0.43278873467879536 0.904118885536985 0.43278873467879536
