3 0.5620898329076696 0.7815940436978884 0.5619356874166027 0.7228611119517224 0.679774966385663 0.722687147004745 0.6799291118767299 0.781420078750911
4 0.5674002978426201 0.8925931356012013 0.8812433460197079 0.683239170452552 0.9499694695939687 0.7411921404588868 0.636126421416881 0.950546105607536
4 0.25647307570284167 0.7366273291415006 0.2515231092197661 0.6636711851281515 0.6589725646522617 0.648120960934454 0.6639225311353372 0.7210771049478033
2 0.5835876859051634 0.728500883399985 0.5835665233813573 0.7227698507683399 0.6385547387417907 0.7226556348252587 0.6385759012655968 0.7283866674569038
2 0.6508214131445471 0.9375025846540787 0.6939815693945467 0.9075151578962664 0.6968966464138441 0.9098751816193921 0.6537364901638444 0.9398626083772043
2 0.4816758134091095 0.7324133926203044 0.4814741804010397 0.7270260443333111 0.5361757340220976 0.7258744254855929 0.5363773670301676 0.731261773772586
2 0.8078748025632508 0.8344046311845936 0.8508150694903338 0.8057260423174064 0.8551722803279651 0.8093958057069761 0.812232013400882 0.8380743945741634
3 0.7836282240818845 0.8503210317185274 0.8673178539623491 0.7949461511248114 0.9215935496224501 0.8410871263889714 0.8379039197419855 0.8964620069826874
3 0.22599282326378634 0.7672087391042162 0.2229239268699616 0.7389293788934796 0.35242518895287156 0.7310242460086577 0.3554940853466963 0.7593036062193942
2 0.8865020717149875 0.7822664667817246 0.9273901438921245 0.7534785616754945 0.9310804306810794 0.7564268450088488 0.8901923585039423 0.7852147501150788
3 0.6970133869234992 0.9089626680253527 0.7870582412589494 0.845665066628404 0.8436060040410825 0.8909141307250731 0.7535611497056324 0.9542117321220218
3 0.6071813269022673 0.963077763168225 0.7078686804583285 0.8960674529126126 0.7321011300372011 0.9165485464942689 0.6314137764811398 0.9835588567498813
3 0.45147335721757476 0.7725238868705304 0.45044973635635255 0.7266882497412426 0.5584331459296445 0.7253317634204294 0.5594567667908669 0.7711674005497173
2 0.2821656680015598 0.737847146238053 0.28202857527152314 0.7343321921325714 0.33596744287536423 0.7331488260498129 0.33610453560540093 0.7366637801552944
2 0.7295273721529161 0.8866726802829333 0.7726875284029159 0.8566852535251209 0.7776955939527204 0.8607397445132718 0.7345354377027205 0.8907271712710843
3 0.33850712820108975 0.7131566633226913 0.4558164927697821 0.7131566633226913 0.4558164927697821 0.7414773679449793 0.33850712820108975 0.7414773679449793
3 0.8687930300135511 0.7939415586230315 0.9555692794362397 0.7346327913764733 0.991530956995022 0.7642295702522838 0.9047547075723334 0.823538337498842
