1 0.4745521647191447 0.6813668182608151 0.47471606445872794 0.5927841766592525 0.5924094411423038 0.5929066676609905 0.5922455414027203 0.6814893092625531
1 0.4707369791644429 0.5089478441089641 0.47059448241965113 0.4223432298511516 0.5893848011532835 0.42223328687575673 0.5895272978980752 0.5088379011335692
1 0.4731780192853502 0.592836706092823 0.47299450691555855 0.5094899958877448 0.589553507407358 0.5093456364364739 0.5897370197771498 0.5926923466415519
4 0.47942385796257764 0.6815817678683317 0.47173572421086285 0.33288299831371526 0.5804274958707282 0.3315349988796885 0.588115629622443 0.6802337684343049
2 0.4734510160584182 0.6596991333459233 0.473452212198008 0.6138508636419361 0.4827062947776901 0.6138509994466397 0.48270509863810035 0.6596992691506269
2 0.4675280491350344 0.4001687662894483 0.4674152561662844 0.35425030925819906 0.4775145642199423 0.3542363549314669 0.4776273571886923 0.40015481196271613
1 0.4675008951730569 0.42103378076888304 0.4671193847563902 0.33055514307357053 0.5888107910248599 0.33026651219986697 0.5891923014415266 0.42074514989517947
2 0.4708990854478799 0.5763175740417115 0.4712215138332965 0.5286891560729622 0.4811526115320841 0.5287269730572819 0.4808301831466675 0.5763553910260312
2 0.4696181843096725 0.4898875053279421 0.4698842162107141 0.44241832808184867 0.4788504860151049 0.44244659356044086 0.47858445411406325 0.48991577080653437
0 0.48817382456333586 0.3878734764992726 0.48819970714329247 0.36598027621861057 0.5432039528761893 0.36601685397428635 0.5431780702962327 0.38791005425494834
