1 0.4255946043954819 0.4964691694379947 0.4245493569996486 0.4120740278364322 0.5286370850576431 0.411348884761224 0.5296823324534764 0.49574402636278647
1 0.5326776531994154 0.49461731737305437 0.5304601239025404 0.4100586015527419 0.6352412921130846 0.4085129316503831 0.6374588214099596 0.4930716474706956
0 0.6843138830870369 0.4592649151153971 0.682433511993287 0.41940859187320956 0.7106091312358799 0.418660866134603 0.7124895023296299 0.4585171893767905
4 0.31717286832055347 0.4964247164262963 0.3142761561314324 0.4186628562468126 0.75157515065803 0.4094998135262983 0.7544718628471512 0.48726167370578194
1 0.6416818845507057 0.4926905767938875 0.6384305824673724 0.409766138317325 0.7531997886263777 0.4072349603154875 0.7564510907097111 0.49015939879205
1 0.316460988331273 0.4987999557935642 0.31468201697710635 0.41473208469981415 0.4224855448718519 0.41344888453846707 0.4242645162260186 0.49751675563221703
2 0.5538448307522998 0.41480052666145745 0.5536535250850616 0.4112005700394292 0.6130481210515489 0.40942515445734184 0.6132394267187871 0.41302511107937007
2 0.4480724158463936 0.4164461782275631 0.4480446790496566 0.4124067055007804 0.5042166251616887 0.4121897485237644 0.5042443619584258 0.416229221250547
2 0.6632919557009503 0.41306574187046907 0.6630644157412597 0.4081460749968972 0.7218107461219626 0.4066177164475174 0.7220382860816533 0.41153738332108925
2 0.3421407380706601 0.41986381067119877 0.3419695369290307 0.41586137784594907 0.3987798608624008 0.4144944915257196 0.39895106200403013 0.4184969243509693
