4 6.462720433714042e-06 0.42924962221127416 0.0005708981211086367 0.357142064194345 0.38982401485840207 0.35885597446651957 0.3892595794577271 0.4309635324834487
3 0.18500374719179535 0.21991014814831414 0.17425590924825662 0.15365935712571974 0.28958945279336923 0.14313469399803 0.30033729073690796 0.2093854850206244
4 0.010097004054731932 0.23020559802659538 1.0066022089934752e-16 0.1618462951707957 0.3983591094526983 0.12874902422691673 0.40845611350743016 0.1971083270827164
3 0.2609898395550249 0.4364400867828142 0.2609651056507408 0.39597905003895617 0.38902849572100057 0.39593501451276736 0.38905322962528466 0.43639605125662534
3 0.14899792451317628 0.43976407595194417 0.149178889174122 0.4123414476736899 0.2803887516895074 0.41282849784895287 0.2802077870285616 0.4402511261272071
3 0.07793660411978064 0.23034165330803266 0.06460010855332717 0.16100863114579816 0.18826557685550852 0.1476281242236363 0.201602072421962 0.2169611463858708
3 0.2907165827061895 0.21422541470365622 0.2878570001486386 0.18541105694048854 0.4042039365760984 0.1789161763003767 0.4070635191336493 0.2077305340635444
0 0.013440516077661209 0.20924439802722572 0.05824223633653188 0.20924439802722572 0.05824223633653188 0.23001610469270178 0.013440516077661209 0.23001610469270178
0 0.0 0.4137846149611647 0.02627009960633779 0.4137846149611647 0.02627009960633779 0.4317765789948655 0.0 0.4317765789948655
3 0.0 0.17725156393435826 0.10198302303373893 0.17725156393435826 0.10198302303373893 0.2334104752798964 0.0 0.2334104752798964
3 0.032174376291714886 0.4094920618945534 0.16711176049696794 0.4094920618945534 0.16711176049696794 0.44005771937168325 0.032174376291714886 0.44005771937168325
2 0.2266909326958668 0.21224681892565275 0.28042586385416135 0.20877978990449927 0.28079406282505553 0.2119897846163897 0.22705913166676098 0.21545681363754318
2 0.12917600773173213 0.2199893160746482 0.18197311994274015 0.21658279602664807 0.18234131891363428 0.21979279073853855 0.12954420670262626 0.22319931078653868
