1 0.14509222921183096 0.839829534551638 0.1450249277795393 0.753450384161013 0.27122527567098154 0.7533950748233621 0.2712925771032732 0.839774225213987
1 0.14326302086873605 0.9289462776064983 0.1435337321317567 0.8413513069033732 0.2688513709919849 0.8415691590701421 0.2685806597289642 0.929164129773267
4 0.14650337244419182 0.9295065227128777 0.157699187583413 0.5716457322714443 0.27066938157849013 0.5736337854785056 0.25947356643926894 0.9314945759199389
1 0.14969290669748006 0.6622698976241896 0.14975599419420277 0.5694856338530241 0.2802269080411839 0.569535534387835 0.2801638205444612 0.6623197981590006
1 0.14737237042412596 0.7515225145340743 0.14763351951266762 0.6636567918778242 0.2772459563987907 0.6638734815596756 0.27698480731024905 0.7517392042159257
2 0.144209129333831 0.8217418882832067 0.14396934254997687 0.7752424986347689 0.154952169804858 0.7752106409163063 0.15519195658871213 0.821710030564744
2 0.14565997163512143 0.7326852401309043 0.14581524507262142 0.6832703231387156 0.15495904758954107 0.6832864848916024 0.15480377415204108 0.7327014018837911
2 0.14905891018378342 0.6419118222061779 0.14913856106268972 0.5932575253311771 0.15730836832324124 0.5932650485502649 0.15722871744433495 0.6419193454252656
2 0.14318129065358617 0.9100405787617017 0.14312528072520078 0.8616539820820137 0.14790956687710222 0.8616508669273426 0.1479655768054876 0.9100374636070306
0 0.16868981779392492 0.6067871975352065 0.23186580837949283 0.6067871975352065 0.23186580837949283 0.6283695712823707 0.16868981779392492 0.6283695712823707
