4 0.6419726684209037 0.8968929215127052 0.6097734496709042 0.4291159439736432 0.7642699020635776 0.42313392853813625 0.7964691208135771 0.8909109060771983
3 0.5560522364225726 0.7553606348076326 0.5482961237012758 0.6260075796843677 0.6282750618131578 0.6233100540400138 0.6360311745344546 0.7526631091632787
1 0.8086260912966565 0.5302557828244225 0.8005913054781455 0.42241610197870955 0.9587504940723632 0.4157876415869944 0.9667852798908741 0.5236273224327074
1 0.6208906987075085 0.5286621879181557 0.6180814539158418 0.42532609783026515 0.7669352337191223 0.42304984786069416 0.769744478510789 0.5263859379485847
0 0.8444318105102719 0.4860872147690444 0.8428419667602719 0.46282152873388815 0.8985476105830557 0.46068031359349326 0.9001374543330556 0.4839459996286495
1 0.6216715697456615 0.6346951222394547 0.6205156452664948 0.5294106984113297 0.7778499629632912 0.528439045124669 0.779005887442458 0.633723468952794
0 0.6506642249667799 0.4852679903386599 0.6502643226230299 0.46479490684256614 0.7066840823248869 0.4641750028254026 0.7070839846686369 0.48464808632149636
2 0.6186596162725719 0.5057097323315127 0.6183496546846281 0.4520059090663379 0.6252211773478151 0.4519836001650333 0.6255311389357588 0.5056874234302081
2 0.6217813000276176 0.6109948372223724 0.6213183224349217 0.5530587395750677 0.628820388499717 0.5530250175113934 0.629283366092413 0.6109611151586981
2 0.8055022555922355 0.5026787048667367 0.8029135691188902 0.44868604342431795 0.8114871081576187 0.4484548223709516 0.8140757946309641 0.5024474838133703
2 0.6258737906425621 0.7274362899702084 0.6225225116991894 0.6641865420445077 0.6313941495349212 0.6639221319021508 0.634745428478294 0.7271718798278515
2 0.8326222741701188 0.7271653164372688 0.8274594687109978 0.664762436065674 0.8357760037598015 0.6643754047793602 0.8409388092189226 0.726778285150955
2 0.8190906911564465 0.6112678034462012 0.8142143752900448 0.5517265571785855 0.8226314782371145 0.551338800689381 0.827507794103516 0.6108800469569968
