0 0.861792563605999 0.8605640533967827 0.8590931820955824 0.8182887848420952 0.8893837059252512 0.8172008391813423 0.8920830874356678 0.8594761077360298
1 0.707861979095398 0.8961128518784559 0.704835123626648 0.8058424661362684 0.8125037435608518 0.803811708668419 0.8155305990296018 0.8940820944106065
1 0.8176704931246106 0.8944641360897108 0.8118558772391938 0.8038064212459608 0.9264712711983063 0.7996713619571643 0.932285887083723 0.8903290768009142
1 0.483452025588338 0.9014629921342434 0.479952513869588 0.8090776161576809 0.5938729255835371 0.8066502891157566 0.5973724373022872 0.8990356650923191
2 0.7276713357901308 0.8107970707361661 0.7274898107435059 0.8062760373662134 0.7797204053155194 0.8050964059212005 0.7799019303621444 0.8096174392911532
2 0.6187072945758435 0.813172874332627 0.6185095545579792 0.8081890724698305 0.6749876296642706 0.8069285917290322 0.675185369682135 0.8119123935918287
4 0.48478695330519456 0.8970353630725921 0.4815804636893366 0.8159408129882672 0.9267147149890761 0.8060404365320654 0.9299212046049341 0.8871349866163902
2 0.8363881596621286 0.8089525298519281 0.8365365097948497 0.8019663382892492 0.894124762360685 0.8026542043418047 0.8939764122279639 0.8096403959044836
1 0.5983452956710485 0.8985141502125613 0.5933641758793818 0.8089319968922488 0.7025419113602014 0.8055172218577512 0.7075230311518681 0.8950993751780637
2 0.5085456582294129 0.8098689714716439 0.5672753405446207 0.8098689714716439 0.5672753405446207 0.8155893950737745 0.5085456582294129 0.8155893950737745
