1 0.14654219054622675 0.7940409379861911 0.14650735981706006 0.6894189897440036 0.291040766403643 0.6893919233419338 0.2910755971328097 0.7940138715841213
4 0.15144877141085275 0.7953098266703951 0.1427348599812591 0.37284888101157737 0.2780908571986173 0.3712784220067229 0.28680476862821097 0.7937393676655407
1 0.14216278584422357 0.6878208212612706 0.14218125915151522 0.5870164999722082 0.28980787659067225 0.5870317178012293 0.2897894032833806 0.6878360390902918
1 0.13596482849772842 0.48050561058046914 0.1361167246565826 0.3720465041351566 0.2844208729996674 0.3721633347320308 0.2842689768408132 0.48062244117734326
1 0.13874693303089014 0.5850234176756067 0.13899042261422348 0.48339387055646615 0.28856563817679215 0.48359544829119017 0.28832214859345884 0.5852249954103308
2 0.2808513790543219 0.6630276064717523 0.2809678341324469 0.6059631533467525 0.2885056150886032 0.6059718061895015 0.28838916001047815 0.6630362593145013
0 0.1964758707176658 0.757163136351262 0.19635095209787415 0.7309210709215744 0.2644527181495217 0.730738719117488 0.2645776367693134 0.7569807845471755
2 0.27888243346586444 0.5599459106628667 0.2789595713362819 0.5046161901026708 0.2859441917727716 0.5046216675032729 0.2858670539023541 0.5599513880634687
2 0.2687735799329845 0.7668986371751934 0.2687114868340262 0.7085553754564433 0.3017999877753488 0.7085355669263692 0.3018620808743071 0.7668788286451192
2 0.27512399467124954 0.45653722722859585 0.2751721195413182 0.39977222423726466 0.28353645457370347 0.39977621304268934 0.2834883297036348 0.45654121603402054
