1 0.40872534662607357 0.4116722513554272 0.4064033783969426 0.3195923521604791 0.537691012031219 0.3177301030081285 0.54001298026035 0.40981000220307656
1 0.2399760740900373 0.4159268738755298 0.2368815781675949 0.3237041117180696 0.36897771924716205 0.321210869646234 0.3720722151696045 0.4134336318036942
4 0.08539139879308832 0.5196512211889306 0.0595751764413625 0.12510499429328734 0.18197579924811946 0.12059993042011875 0.20779202159984522 0.515146157315762
3 0.8606015610250899 0.307211874256202 0.8507868903071065 0.1934545423586558 0.9727656237672293 0.18753479758713093 0.9825802944852127 0.30129212948467715
1 0.0672829480630049 0.32327399797112977 0.06247004279918475 0.22841079750524948 0.19229378550566667 0.2247058147352248 0.1971066907694868 0.31956901520110503
1 0.5705032015898007 0.3137530846918204 0.5678562697483482 0.2155900237784516 0.6990198943242396 0.21360058489234032 0.7016668261656922 0.31176364580570914
1 0.24808494895438427 0.5154801911057408 0.24248953651355792 0.4197837352412591 0.3731320420969879 0.4154869536559666 0.37872745453781426 0.5111834095204483
1 0.4134067868282467 0.5106344002112778 0.41064533436845946 0.41424931418226685 0.5383674213476135 0.41219097820669104 0.5411288738074008 0.508576064235702
1 0.23544588623004892 0.32105427647043894 0.22971137226038976 0.22384682503076778 0.36206131829913846 0.21945501695122924 0.36779583226879764 0.31666246839090034
4 0.743259002436044 0.5017093191774793 0.7375284041335273 0.11295952988938882 0.8535382133145355 0.11199759198212512 0.8592688116170522 0.5007473812702156
1 0.5762623556745855 0.507120074088092 0.5735807746881252 0.41118903249673383 0.7013011689763168 0.40918079748162256 0.7039827499627769 0.5051118390729807
4 0.252821699459247 0.5167449331390346 0.22758518503459205 0.12041401585181348 0.35040947485619883 0.11601477025942826 0.37564598928085374 0.5123456875466494
1 0.4042620324390686 0.3175770705581624 0.40011409695806793 0.22094639781738698 0.5340122366942037 0.21771333562030842 0.5381601721752044 0.3143440083610839
1 0.7349860871841564 0.4048480705406922 0.7339253775487398 0.314989122786786 0.8623676365288608 0.31413628654600045 0.8634283461642774 0.4039952342999067
0 0.30167752311443446 0.47364672301423183 0.2998550133488095 0.4560995428384506 0.3474366214291901 0.45331967486002994 0.34925913119481505 0.47086685503581116
3 0.06452009527736635 0.21331696259077787 0.07692140948023474 0.08688854613923633 0.2041609169551193 0.09390903765506756 0.19175960275225087 0.2203374541066091
4 0.41485817419436366 0.510780127553401 0.40435274285556116 0.11625648259049479 0.5242746171704811 0.11446025324935018 0.5347800485092836 0.5089838982122563
0 0.6321778563257892 0.46461276001038665 0.6313092039820392 0.4468739904791366 0.6763500570856693 0.44563333373961345 0.6772187094294193 0.4633721032708634
1 0.573150219095626 0.40879252524724463 0.5714024977414593 0.31531370444646334 0.7004078976940017 0.31395698708169295 0.7021556190481684 0.4074358078824742
0 0.4648518144560541 0.4709023192671074 0.46412248502897074 0.4519084227827324 0.5126519436067739 0.4508602385007021 0.5133812730338572 0.4698541349850771
2 0.6923924373960786 0.2902606849050498 0.6930006785928282 0.2375969212018385 0.7006666942364413 0.23764672427777425 0.7000584530396916 0.2903104879809856
4 0.5792289084909295 0.506626432677002 0.5749600667827263 0.11477662410086834 0.6943753098336038 0.1140448572939876 0.6986441515418071 0.5058946658701213
2 0.8567974465810865 0.2881979575954434 0.8558072679388575 0.2357431261188433 0.8661752695805047 0.235633036683928 0.8671654482227337 0.2880878681605281
2 0.5281681971725113 0.2936665619946783 0.5284237489461928 0.2407968039023459 0.5348462900116998 0.2408142661841641 0.5345907382380182 0.2936840242764965
1 0.7362876794208699 0.503440502944394 0.7333457848896199 0.4099087036279881 0.8631061487174296 0.40761291240539543 0.8660480432486796 0.5011447117218014
2 0.3608488234286784 0.2958091432203221 0.35794344027195385 0.24273035311020869 0.36353374078608286 0.24255822964492038 0.3664391239428074 0.2956370197550338
2 0.18400936179852273 0.20080710661854084 0.18360036069364905 0.14719407431885284 0.19262593295532288 0.14715534397216848 0.19303493406019656 0.20076837627185648
2 0.6980875735143297 0.48009052227599314 0.697206157026331 0.43080745987071273 0.702358954632201 0.4307556217683718 0.7032403711201995 0.4800386841736522
2 0.8579331160691007 0.38277977377342653 0.8587322970510122 0.3322649097501815 0.8642884658361311 0.3323143549241429 0.8634892848542195 0.3828292189473879
0 0.7918047675482386 0.44404051452847243 0.8389531423431565 0.44404051452847243 0.8389531423431565 0.461991088520049 0.7918047675482386 0.461991088520049
2 0.1881744313447812 0.24688839527378803 0.19670586407469856 0.24688839527378803 0.19670586407469856 0.29892208640484064 0.1881744313447812 0.29892208640484064
2 0.03718416906813042 0.44415765584951883 0.04748627651557781 0.44415765584951883 0.04748627651557781 0.4946218852991245 0.03718416906813042 0.4946218852991245
2 0.029296618053678513 0.3473339428864001 0.03943775507225954 0.3473339428864001 0.03943775507225954 0.39912617837415315 0.029296618053678513 0.39912617837415315
2 0.022696830470157525 0.2515967803181292 0.031067292771208527 0.2515967803181292 0.031067292771208527 0.30278537669763345 0.022696830470157525 0.30278537669763345
2 0.0130386047381756 0.15139268834881672 0.023340712185622985 0.15139268834881672 0.023340712185622985 0.205237296804616 0.0130386047381756 0.205237296804616
2 0.3637931692379858 0.3416597352688607 0.3715197498235714 0.3416597352688607 0.3715197498235714 0.3926068760050654 0.3637931692379858 0.3926068760050654
2 0.3700710159637742 0.4380005369453804 0.3763488626895624 0.4380005369453804 0.3763488626895624 0.4872574881784882 0.3700710159637742 0.4872574881784882
2 0.5345827942651996 0.43401651883093784 0.5400557888466561 0.43401651883093784 0.5400557888466561 0.4835149257073453 0.5345827942651996 0.4835149257073453
2 0.5321682378322041 0.33876226754926614 0.5397338479889233 0.33876226754926614 0.5397338479889233 0.3897094082854708 0.5321682378322041 0.3897094082854708
2 0.6963580752758969 0.33538188854307244 0.7015091289996206 0.33538188854307244 0.7015091289996206 0.3859668458143277 0.6963580752758969 0.3859668458143277
2 0.8582943267154604 0.42725576081855027 0.8631234395814514 0.42725576081855027 0.8631234395814514 0.47651271205165807 0.8582943267154604 0.47651271205165807
