1 0.27867902742651907 0.18954041511662972 0.27410088122830367 0.0037038524882281364 0.5374435151621577 5.4614431987966675e-05 0.5420216613603731 0.18589117706038957
1 0.27706106088091637 0.3827906580421147 0.2773226940591983 0.19171746875748016 0.5439274924983771 0.191922813483367 0.5436658593200953 0.38299600276800155
4 0.2932113391898011 0.7896063872377035 0.28256774786215666 0.0018999844957703544 0.5325468563303454 5.284661597215745e-17 0.5431904476579898 0.7877064027419332
0 0.6755519416114178 0.09978157316342613 0.6747825731218345 0.06289639555112145 0.7694500522036863 0.06178567231997229 0.7702194206932697 0.09867084993227698
0 0.33242746962703407 0.10996725425970004 0.3312654416322424 0.0744873348261063 0.4261385907570806 0.07273950233209683 0.4273006187518723 0.10821942176569058
2 0.6162031181826043 0.33313488371094413 0.6165352689001836 0.2274102718371094 0.6299179670893061 0.22743392151914116 0.6295858163717268 0.33315853339297585
2 0.2795709870356316 0.15278616141376242 0.27974247032285016 0.054753516639551 0.28953971657488475 0.054763156652816294 0.2893682332876662 0.15279580142702773
2 0.27807371187167634 0.23887159083713552 0.289573000708475 0.23887159083713552 0.289573000708475 0.3410584530005053 0.27807371187167634 0.3410584530005053
2 0.2752860054869979 0.43148467885351294 0.2906183906027294 0.43148467885351294 0.2906183906027294 0.536023668278955 0.2752860054869979 0.536023668278955
2 0.6208264052996453 0.4267999795684094 0.6353656653769203 0.4267999795684094 0.6353656653769203 0.5314826521247898 0.6208264052996453 0.5314826521247898
2 0.6103726495144032 0.03984473681265631 0.6238282229358533 0.03984473681265631 0.6238282229358533 0.13989156505404224 0.6103726495144032 0.13989156505404224
2 0.953343910989051 0.031389942238983996 0.9725552417582651 0.031389942238983996 0.9725552417582651 0.1332786072114239 0.953343910989051 0.1332786072114239
2 0.9739458581035582 0.42067668492408883 0.9917849509606855 0.42067668492408883 0.9917849509606855 0.5300268935435002 0.9739458581035582 0.5300268935435002
3 0.04966036758219378 0.5926187282594211 0.05198046012792543 0.3559443254294587 0.29075663863364365 0.3572609669385921 0.288436546087912 0.5939353697685545
1 0.6184516044533618 0.37957382184356186 0.9058280233921456 0.37957382184356186 0.9058280233921456 0.5759679601563781 0.6184516044533618 0.5759679601563781
1 0.6108826838047092 0.0 0.8854831400724212 0.0 0.8854831400724212 0.177894374501537 0.6108826838047092 0.177894374501537
1 0.6172821176359505 0.1827240126761936 0.8973678029018689 0.1827240126761936 0.8973678029018689 0.3750171132980227 0.6172821176359505 0.3750171132980227
