3 0.11978068542747192 0.4120024914761962 0.11976908874778441 0.32730272340978994 0.18922542826067912 0.32729737424646 0.18923702494036662 0.4119971423128662
4 0.187341856522042 0.40958608940017727 0.19123678793478652 0.13933886264104792 0.27782390544117325 0.1400408258932779 0.27392897402842875 0.41028805265240725
3 0.13509476730296885 0.33798502597207536 0.1346879883316147 0.25639213046426285 0.19147912592619784 0.2562328695357371 0.191885904897552 0.3378257650435496
2 0.18287497382841994 0.32495791485437125 0.1828248095673462 0.2859917227526946 0.19109471663392066 0.28598573409337075 0.19114488089499443 0.3249519261950475
2 0.1802353443462788 0.39296205542884605 0.180241043682507 0.35602345374724403 0.18976959626444842 0.3560242807239739 0.18976389692822018 0.3929628824055759
2 0.1854700002652083 0.25861820892805265 0.18545032841377088 0.22241882900665333 0.19293975304956582 0.22241653964140393 0.19295942490100326 0.2586159195628032
3 0.11507344175051518 0.2661811104968722 0.11519302891063184 0.18235134140343312 0.193595819045985 0.18241425439370354 0.19347623188586835 0.26624402348714266
2 0.18805971962373455 0.1923724185811394 0.18799691403342653 0.15724977595764578 0.19568373376593043 0.15724204416247486 0.19574653935623845 0.1923646867859685
3 0.10350620901508592 0.11317094539902466 0.19485355612779726 0.11317094539902466 0.19485355612779726 0.20436240966683353 0.10350620901508592 0.20436240966683353
0 0.13595897843949414 0.14921638920019173 0.1765774284297165 0.14921638920019173 0.1765774284297165 0.17784675499191097 0.13595897843949414 0.17784675499191097
