4 0.4972192591684575 0.8996823378560252 0.49670054172054084 0.8165633193013377 0.9482234084747717 0.8149783066752246 0.9487421259226884 0.8980973252299121
3 0.49699867188360064 0.999463206509459 0.4975379785242256 0.9021393539703966 0.6201351317979339 0.9025214912332667 0.6195958251573089 0.9998453437723291
3 0.8423497721201331 0.9753646717195029 0.8421684570159664 0.8999232654695029 0.9998186848958329 0.8997101370628053 0.9999999999999996 0.9751515433128053
3 0.7281139321951844 0.9621522078838134 0.7276847329764344 0.9007800155010008 0.8698321941068989 0.9002208389911865 0.8702613933256489 0.961593031373999
2 0.7513756008339355 0.905476765978355 0.7514588485310808 0.8995570544741268 0.8122075471368151 0.900037596297607 0.8121242994396698 0.9059573078018353
2 0.8640179851890417 0.9056531284385705 0.8639758105016867 0.8991095814359521 0.9266949410030663 0.8988821967557558 0.9267371156904213 0.9054257437583741
2 0.6387855530154118 0.9076681861819873 0.6387703698107057 0.901646461441486 0.7006022999077739 0.9015587658265202 0.7006174831124801 0.9075804905670215
0 0.5390913899838291 0.9661509763527694 0.5391090494890374 0.9222466794777694 0.5711590169172126 0.922253930873793 0.5711413574120042 0.966158227748793
2 0.5266970747513401 0.9081485014883364 0.5268360270427273 0.9012053424930493 0.5873941248301471 0.9018870582842502 0.5872551725387599 0.9088302172795373
3 0.6149374481746364 0.9017360059367477 0.7424034738466893 0.9017360059367477 0.7424034738466893 0.9999999999999969 0.6149374481746364 0.9999999999999969
