4 0.12735967380280186 0.5132634346160343 0.2196089897587232 0.5117913710635469 0.2279686322431736 0.8064687686405638 0.13571931628725226 0.8079408321930511
0 0.16564010494483797 0.7613169117788939 0.21229334884740425 0.7613169117788939 0.21229334884740425 0.7825276233319399 0.16564010494483797 0.7825276233319399
1 0.12908873071294688 0.7310946208443808 0.2293441178855017 0.7310946208443808 0.2293441178855017 0.8092514332655368 0.12908873071294688 0.8092514332655368
1 0.12799190837681787 0.6584054345619247 0.2288796479208994 0.6584054345619247 0.2288796479208994 0.7310058867924746 0.12799190837681787 0.7310058867924746
1 0.12605589631733777 0.5862889853462472 0.22715874831247235 0.5862889853462472 0.22715874831247235 0.658082765885331 0.12605589631733777 0.658082765885331
1 0.12304432200258791 0.511913855394508 0.2252227362529887 0.511913855394508 0.2252227362529887 0.5854823136547967 0.12304432200258791 0.5854823136547967
2 0.22005181604322951 0.5303828824709922 0.225482146893427 0.5303828824709922 0.225482146893427 0.5689814273209752 0.22005181604322951 0.5689814273209752
2 0.22227331502740122 0.6016559748798341 0.22696314621620814 0.6016559748798341 0.22696314621620814 0.6408098944758601 0.22227331502740122 0.6408098944758601
2 0.22338406451948706 0.6737621294077404 0.22918464520037984 0.6737621294077404 0.22918464520037984 0.7129160490037666 0.22338406451948706 0.7129160490037666
2 0.22572898011389053 0.7472567208007539 0.2309124777436245 0.7472567208007539 0.2309124777436245 0.7867808902274753 0.22572898011389053 0.7867808902274753
