1 0.6167622245820855 0.08226940804793813 0.7590037837646397 0.08226940804793813 0.7590037837646397 0.19449081644415772 0.6167622245820855 0.19449081644415772
1 0.6215279847383496 0.19592328369617412 0.7629244223269825 0.19592328369617412 0.7629244223269825 0.2970331162214272 0.6215279847383496 0.2970331162214272
1 0.6296311691403372 0.3974283294830104 0.767323550585209 0.3974283294830104 0.767323550585209 0.49926110357045955 0.6296311691403372 0.49926110357045955
0 0.6811280157417049 0.43573686946183343 0.7456386557849856 0.43573686946183343 0.7456386557849856 0.4605757701442095 0.6811280157417049 0.4605757701442095
1 0.6262000799179063 0.29560037278849877 0.7648236592752241 0.29560037278849877 0.7648236592752241 0.3979042842984192 0.6262000799179063 0.3979042842984192
2 0.7576830929610878 0.3170014412906313 0.7648111039306968 0.3170014412906313 0.7648111039306968 0.3715317416936157 0.7576830929610878 0.3715317416936157
2 0.7552097223717686 0.21343433058870404 0.7628935601580855 0.21343433058870404 0.7628935601580855 0.26918584055317013 0.7552097223717686 0.26918584055317013
2 0.7479552002623695 0.10977004546348304 0.7582454774807665 0.10977004546348304 0.7582454774807665 0.16622565707002543 0.7479552002623695 0.16622565707002543
2 0.7598649723543202 0.4177685996313461 0.7664515798375662 0.4177685996313461 0.7664515798375662 0.4709758010424998 0.7598649723543202 0.4709758010424998
4 0.6225623757296588 0.08399961380618355 0.7509555859511005 0.08155084731902626 0.7650709899192343 0.49785478919431 0.6366777796977927 0.5003035556814673
