4 0.6819445801214898 0.5896913504789429 0.6776649577256566 0.07018805458050553 0.8380321451389268 0.06944494102496335 0.8423117675347601 0.5889482369234007
1 0.6714162393688661 0.35688180546532633 0.6711943969209494 0.22612142948876382 0.8530886027535298 0.22594784541357973 0.8533104452014465 0.35670822139014224
2 0.8394156554362678 0.5579428622677277 0.8393630838216846 0.49973522066616444 0.8477610420843741 0.49973095420741825 0.8478136136989574 0.5579385958089815
1 0.6614816487758078 0.22427266364242404 0.6613797993533915 0.06819630160140486 0.8545359272575066 0.0681254005860887 0.8546377766799231 0.2242017626271079
1 0.6767891438741422 0.4779614385197607 0.6768457844991422 0.3589862187931982 0.8499712727925244 0.35903258003492683 0.8499146321675244 0.4780077997614893
2 0.8422624389723531 0.3212211813756706 0.8424136433994365 0.2506993307897332 0.8506380191459163 0.25070924975289216 0.8504868147188329 0.32123110033882957
2 0.841474415900271 0.44503958890343287 0.8415043638169376 0.3803405532589023 0.8489545422536969 0.38034249306361384 0.8489245943370303 0.4450415287081444
2 0.8415410062058922 0.18685016066921853 0.8417997952683922 0.10767184646023428 0.8502293067858678 0.10768734406573603 0.8499705177233678 0.18686565827472026
1 0.6875620117231531 0.5882385953599162 0.6875074869835698 0.4776290982896037 0.8491388346310135 0.4775842806166463 0.8491933593705968 0.5881937776869588
0 0.7487647297597235 0.5510500117169423 0.7487211099680569 0.5231167841778798 0.8229862468027765 0.5230515507830575 0.8230298665944432 0.5509847783221201
