1 0.14260837827066494 0.7710455873360448 0.25637270510196697 0.7710455873360448 0.25637270510196697 0.8551555299623308 0.14260837827066494 0.8551555299623308
1 0.1288389153778553 0.5330234281718731 0.24428070709109306 0.5330234281718731 0.24428070709109306 0.6147282607853413 0.1288389153778553 0.6147282607853413
1 0.13338892553089748 0.6139396746477798 0.24742045626044618 0.6139396746477798 0.24742045626044618 0.6938992391072956 0.13338892553089748 0.6938992391072956
4 0.13160798730014786 0.533744242387085 0.23614680937737625 0.5303059102056036 0.25497027240370174 0.8522287738010388 0.15043145032647337 0.85566710598252
1 0.13865873590111735 0.6931961061049432 0.2506569288671016 0.6931961061049432 0.2506569288671016 0.7724210504186779 0.13865873590111735 0.7724210504186779
0 0.18470492959022564 0.8044687296305406 0.23601254820823714 0.8044687296305406 0.23601254820823714 0.8255396450855907 0.18470492959022564 0.8255396450855907
2 0.24534050585458908 0.7880933204137236 0.2551024409476702 0.7880933204137236 0.2551024409476702 0.8285168195838072 0.24534050585458908 0.8285168195838072
2 0.24171138051049496 0.7099033685178129 0.2496392850919283 0.7099033685178129 0.2496392850919283 0.7508466734720032 0.24171138051049496 0.7508466734720032
2 0.238291031564184 0.631673455732806 0.2476044786162683 0.631673455732806 0.2476044786162683 0.6723802991223661 0.238291031564184 0.6723802991223661
2 0.2338950538656778 0.5529947344967097 0.24391912760277823 0.5529947344967097 0.24391912760277823 0.5945230399789829 0.2338950538656778 0.5945230399789829
