4 0.3329056970040959 0.5986602394222186 0.3347945135361339 0.3274961693485166 0.4187834471240722 0.327825249906653 0.41689463059203424 0.598989319980355
1 0.21747379657970162 0.46140531064448465 0.21761221462883595 0.3972794449835283 0.30647428089802353 0.39738733926257064 0.30633586284888914 0.461513204923527
4 0.44881676903572193 0.598812654626892 0.4503668975098448 0.3242436864317707 0.5375240416719899 0.3245204709283021 0.535973913197867 0.5990894391234235
4 0.11107125517138529 0.5975676387021237 0.11447326067825891 0.33064513583312033 0.19533428967620553 0.33122484693064663 0.1919322841693319 0.59814734979965
1 0.3307546051009877 0.39427022239014703 0.3327936151241433 0.32608429681819723 0.42284685685577966 0.3275990661315803 0.42080784683262407 0.39578499170353004
1 0.21799124277801604 0.39495652742604226 0.21939845249395007 0.327947224452148 0.3076595026066591 0.328989818741024 0.30625229289072503 0.39599912171491825
4 0.568418592747385 0.59845308050173 0.5671665880080115 0.32292141859733936 0.6553316915667085 0.32269607059634664 0.6565836963060822 0.5982277325007371
1 0.6832201716234001 0.3892682269506431 0.682522633187742 0.3197079352675756 0.7786621734108876 0.31916564561691263 0.7793597118465456 0.3887259372999801
1 0.10871737472588963 0.3963475989558061 0.11078100578051592 0.3295324897378465 0.19725616123490938 0.33103484018395285 0.1951925301802831 0.39784994940191243
1 0.8111700853837212 0.6014548472114775 0.8097670905920545 0.5281427134224151 0.9105994559132209 0.5270572812737814 0.9120024507048876 0.6003694150628438
1 0.44604372327365716 0.3916231932656353 0.44719874257020387 0.32361835824533464 0.5390389064636003 0.324495772378066 0.5378838871670536 0.3925006073983666
1 0.6839926615106606 0.525751393059493 0.6847096394616089 0.4596699120255395 0.7826868490583746 0.46026787408020164 0.7819698711074262 0.5263493551141551
3 0.022103532686924516 0.5275632188198126 0.02543386065443702 0.45933955654508507 0.11255283840130331 0.46173170029125743 0.10922251043379079 0.529955362565985
4 0.6884308467581536 0.60013039749807 0.6867933178009941 0.31984453072205526 0.7782415241483073 0.31954400232999147 0.7798790531054668 0.5998298691060063
1 0.8057439115841545 0.38709453285661427 0.8054581244765785 0.3171697398573184 0.9033846315980952 0.31694460940981917 0.9036704187056713 0.38686940240911505
4 0.21854923898899617 0.5973322857831044 0.2217687475421527 0.32838556176885114 0.30622207341566243 0.3289542347685641 0.3030025648625059 0.5979009587828172
1 0.10856278487091883 0.46208741522649144 0.10723978682404381 0.399400525578054 0.19525154141369008 0.39835569545020105 0.1965745394605651 0.4610425850986385
1 0.6856076349712339 0.5999558769844263 0.6857272750460209 0.5285988401839962 0.7840094903743857 0.5286915311338608 0.7838898502995987 0.6000485679342911
1 0.5642149547291899 0.5254611396887544 0.5655095760126887 0.4605681592292439 0.660722965170199 0.46163663719947334 0.6594283438867001 0.5265296176589839
1 0.3291265566743815 0.5284449279315092 0.3301438092785481 0.4612480895526032 0.4213879225800163 0.46202506510215097 0.42037066997584965 0.529221903481057
1 0.32873521923629084 0.45926554214593307 0.3293270202130462 0.39751683297505214 0.42133157649586345 0.39801283066780446 0.42073977551910813 0.4597615398386854
4 0.8158823481886899 0.6013320828621176 0.8092216070715674 0.31805910968898476 0.9008566558435355 0.3168471126590989 0.9075173969606579 0.6001200858322315
1 0.21688058160665907 0.5286792609215393 0.21528626773063247 0.4644226400311735 0.3051794029439991 0.46316804085757957 0.30677371682002563 0.5274246617479453
1 0.8058995080404565 0.4536156835181502 0.8067225087873487 0.3896696523784366 0.9046088269805669 0.39037830133984336 0.9037858262336746 0.45432433247955695
3 0.807892405772257 0.525827586018245 0.8060933564054154 0.4514994649538336 0.8628542896803706 0.45072667408707806 0.8646533390472123 0.5250547951514895
1 0.6834963824582171 0.45609077656605856 0.683963532130922 0.39122063484056463 0.7806143619772528 0.39161214164646535 0.7801472123045478 0.4564822833719593
0 0.3498544891345612 0.3674974087634339 0.34908570728477656 0.3548152494477539 0.38095218289078053 0.3537286575124106 0.38172096474056516 0.3664108168280906
2 0.10327241323087835 0.5141760722199148 0.10402653815358419 0.4787303808804227 0.11172646928651056 0.4788225295798823 0.11097234436380472 0.5142682209193745
2 0.2184341631832597 0.38165571972421136 0.2186452821279494 0.34681285686335644 0.22239532412636484 0.3468256380751997 0.22218420518167514 0.3816685009360546
2 0.10835603673229242 0.4489562994432071 0.10792020115808447 0.4143250949661761 0.11217451883534778 0.4142949782565107 0.11261035440955575 0.4489261827335416
1 0.44546972623831865 0.4587491551704359 0.4476756430258319 0.3929985970062747 0.5403531236669546 0.3947475833882062 0.5381472068794415 0.46049814155236735
0 0.46433969360968447 0.36522487958001526 0.4642840694355958 0.3527439550373392 0.49696789807291747 0.3526620195068917 0.49702352224700613 0.3651429440495678
2 0.10945989629896327 0.38422085612245316 0.10943247608155618 0.349829499308999 0.1141849842361008 0.3498273678990858 0.11421240445350789 0.3842187247125399
2 0.21682084013735983 0.447828825367784 0.2178293586459121 0.4127791768938971 0.22213793233270368 0.41284891276943386 0.22112941382415138 0.4478985612433208
0 0.12512175415981866 0.37201127711711407 0.12456661642003827 0.35853143582460845 0.1560574359978966 0.3578019405813761 0.15661257373767695 0.3712817818738817
3 0.5626914010499797 0.6017292536474033 0.5649241558835185 0.5262198753324221 0.6257801731443486 0.5272320750150068 0.6235474183108097 0.602741453329988
1 0.44648939001303956 0.526873331021719 0.4465188934848306 0.4617265756814756 0.5388894519513961 0.4617501064672438 0.538859948479605 0.5268968618074871
2 0.3294027562449894 0.4463653506992051 0.3292528596947892 0.41179235569133144 0.33481902169595196 0.4117787809049722 0.33496891824615216 0.44635177591284586
2 0.5656254021043879 0.5119812682066147 0.5650753026046093 0.47581969303674304 0.5688070136458955 0.475787761159973 0.5693571131456742 0.5119493363298446
0 0.23429603604077515 0.357895218889135 0.26664814622284383 0.357895218889135 0.26664814622284383 0.37012354624961913 0.23429603604077515 0.37012354624961913
0 0.7043003034080509 0.34817032862607183 0.7384497530446791 0.34817032862607183 0.7384497530446791 0.3611689443242243 0.7043003034080509 0.3611689443242243
0 0.8311411163440978 0.3452817473598165 0.8656757101495601 0.3452817473598165 0.8656757101495601 0.359339509522263 0.8311411163440978 0.359339509522263
2 0.21647638938043634 0.47860316489698557 0.22045533940879014 0.47860316489698557 0.22045533940879014 0.5132845536576367 0.21647638938043634 0.5132845536576367
2 0.3290699212638526 0.4777159665798528 0.3338016456218947 0.4777159665798528 0.3338016456218947 0.5129619360877713 0.3290699212638526 0.5129619360877713
2 0.3314357834428738 0.3454427629345792 0.33541473347122797 0.3454427629345792 0.33541473347122797 0.3807693868349628 0.3314357834428738 0.3807693868349628
2 0.4465027166952664 0.3431037855530462 0.4496213532039762 0.3431037855530462 0.4496213532039762 0.3789143358082302 0.4465027166952664 0.3789143358082302
2 0.446610255885222 0.40972431373048307 0.4500515099637983 0.40972431373048307 0.4500515099637983 0.4451315920233339 0.446610255885222 0.4451315920233339
2 0.4465027166952668 0.4765868050853201 0.4500515099637987 0.4765868050853201 0.4500515099637987 0.5123973553405041 0.4465027166952668 0.5123973553405041
2 0.6824436994576497 0.33899041153724807 0.687175423815692 0.33899041153724807 0.687175423815692 0.37504292496983194 0.6824436994576497 0.37504292496983194
2 0.6839492481170268 0.40682075560168435 0.6876055805755142 0.40682075560168435 0.6876055805755142 0.4428732690342682 0.6839492481170268 0.4428732690342682
2 0.6849171008266264 0.47513502602092045 0.6890035900449356 0.47513502602092045 0.6890035900449356 0.5117521202007708 0.6849171008266264 0.5117521202007708
2 0.6857774143462705 0.5439332227949563 0.6907242170842238 0.5439332227949563 0.6907242170842238 0.5809535889371396 0.6857774143462705 0.5809535889371396
2 0.8078343949457713 0.4048850501824852 0.8118133449741252 0.4048850501824852 0.8118133449741252 0.44214737950206845 0.8078343949457713 0.44214737950206845
2 0.8060423909238922 0.3369270577000965 0.8107039134964494 0.3369270577000965 0.8107039134964494 0.3736365479589854 0.8060423909238922 0.3736365479589854
2 0.8109106975177834 0.543941415185282 0.81673760073348 0.543941415185282 0.81673760073348 0.5818162860873103 0.8109106975177834 0.5818162860873103
