1 0.5072861152005285 0.3812926448541848 0.5026267759279756 0.2715459950698695 0.6709700670609914 0.26752576040741316 0.6756294063335443 0.37727241019172847
1 0.7531585654817577 0.6425032664701756 0.7416060904638845 0.5033841885590975 0.9274209808533281 0.49470475490294186 0.9389734558712013 0.63382383281402
4 0.28891071095135046 0.645286737811037 0.30242779705627726 0.15858039086705356 0.47589287205494174 0.16129027452265693 0.462375785950015 0.6479966214666403
1 0.2871386422222345 0.5047906394348396 0.2882690274671247 0.38782879885304583 0.4642089405084805 0.3887852640804543 0.4630785552635903 0.505747104662248
4 0.05477733077089646 0.6493244882373415 0.09938814649090548 0.15982690013685152 0.2673694773128346 0.16843828804034064 0.2227586615928256 0.6579358761408306
1 0.5160017919774544 0.6410185222900766 0.5107433403556655 0.5066007963223754 0.6944837269695128 0.5025575659080099 0.6997421785913017 0.636975291875711
1 0.5033972212297566 0.2703726027092255 0.4964391501816074 0.15821800142822023 0.6610906612845776 0.15247207566247625 0.6680487323327268 0.26462667694348146
4 0.7632108128237591 0.6410361434815312 0.7118470671500622 0.1539240314067349 0.8815144898646786 0.1438605384242427 0.9328782355383756 0.6309726504990388
1 0.5105028326865678 0.5027665670139766 0.5073959684723481 0.3847389841065138 0.6836826690131923 0.382128741732045 0.686789533227412 0.5001563246395079
1 0.7145473636408407 0.2661398067284317 0.7075660810887574 0.15541809652335353 0.8698487952133259 0.14966240884774018 0.8768300777654093 0.2603841190528183
1 0.07373918081545831 0.3892696354038974 0.07538089325014094 0.27587534207375686 0.2418777821664763 0.2772312635467334 0.24023606973179368 0.39062555687687395
1 0.06262757993454694 0.5107528168456659 0.06312205763322985 0.39082054244509384 0.23884486977333988 0.39122807406538057 0.23835039207465694 0.5111603484659526
1 0.08645871275373433 0.274977656316555 0.08916255732153106 0.16329561465777248 0.2478045654351275 0.16545603920400104 0.24510072086733078 0.2771380808627835
3 0.2731989540685616 0.6444972983080257 0.282165577464039 0.4827696746181333 0.3774937041957713 0.48574262944144975 0.36852708080029395 0.6474702531313422
4 0.7616049003514521 0.6407498881680067 0.7018073743097853 0.15597634385648332 0.871860268919381 0.14417719007906366 0.9316577949610476 0.628950734390587
1 0.7233302342260208 0.3775955641558887 0.7179013605281042 0.264892988472295 0.8882856455715822 0.26027632774936826 0.8937145192694989 0.3729789034329619
0 0.11725190706371362 0.22858515711832908 0.11682282991527611 0.20791322108317284 0.17397918221037487 0.20724589013765365 0.1744082593588124 0.2279178261728099
0 0.5368878347285344 0.21839645523505774 0.5357430593379094 0.19736340469794836 0.593454565540453 0.19559654137651736 0.594599340931078 0.21662959191362674
0 0.7534408366084355 0.21408154835631862 0.7534320475459355 0.191085302018428 0.8114089355269811 0.19107283785807977 0.8114177245894811 0.2140690841959704
3 0.7286689448064103 0.49573866961711766 0.7187099604314101 0.3312001564335242 0.8150980675900432 0.3279184973590777 0.8250570519650434 0.4924570105426711
2 0.06240674692677839 0.4860684223437017 0.06617519654412518 0.41867699344261833 0.07597558240248264 0.41898525811037735 0.07220713278513585 0.4863766870114607
2 0.08498456531168387 0.2552362831537205 0.0903170986234432 0.195928713772241 0.09881985921346914 0.19635875087695823 0.0934873259017098 0.2556663202584377
2 0.5044778116845174 0.3563012505494295 0.5039364827053825 0.29400460332006273 0.5116305047615156 0.2939669959852252 0.5121718337406506 0.356263643214592
2 0.501866289691647 0.24445908228314134 0.4989704592313877 0.18393267944642186 0.5075073239717385 0.183702932792354 0.5104031544319979 0.24422933562907345
2 0.28834572380364454 0.4814673928164548 0.289585415066612 0.41408202291119517 0.2971869777653931 0.4141606864232847 0.29594728650242563 0.4815460563285443
2 0.5099452100897338 0.4759970792955059 0.5079218040568875 0.4103344507379381 0.5142834754466132 0.4102241804432462 0.5163068814794595 0.475886809000814
2 0.07291428924800528 0.36490729615102263 0.07906458387412243 0.3038972416017245 0.08634702578419877 0.30431018836217943 0.08019673115808161 0.3653202429114776
2 0.7498908680647005 0.6006667360551614 0.7437059722313671 0.5317313112504739 0.7535402842790491 0.531234997343276 0.7597251801123823 0.6001704221479635
2 0.5124364225365604 0.5350200830554642 0.5217534484008616 0.5350200830554642 0.5217534484008616 0.60459396097693 0.5124364225365604 0.60459396097693
2 0.719019951834931 0.2894269706209955 0.7336984376430643 0.2894269706209955 0.7336984376430643 0.35090504429791836 0.719019951834931 0.35090504429791836
2 0.7081892828209878 0.1810028866860102 0.721342731142562 0.1810028866860102 0.721342731142562 0.23933557054690452 0.7081892828209878 0.23933557054690452
4 0.5228786050511858 0.6397819855578843 0.5050306806548077 0.1573031396532022 0.6786348884645169 0.15369076975092202 0.696482812860895 0.6361696156556041
