1 0.19157336403701838 0.2620253678714296 0.19299849435717367 0.21191168977557875 0.2561604414133454 0.2129220502241257 0.2547353110931901 0.2630357283199765
1 0.2549676714741015 0.26517685610412833 0.25677911353139315 0.21391593081115956 0.3243970746196484 0.215260003026731 0.32258563256235673 0.26652092831969976
1 0.12606085215288307 0.2613745026361672 0.126774475199758 0.21047691962835466 0.19069673655154395 0.2109810540659835 0.18998311350466904 0.261878637073796
4 0.05920130743645552 0.2544690833877982 0.06204931376314961 0.20901414203741467 0.32294614966743496 0.21820913046271107 0.3200981433407409 0.2636640718130946
1 0.05884895833797606 0.2603423160313399 0.058175659184330236 0.2084951175450118 0.12625673420759687 0.20799780237686324 0.1269300333612427 0.25984500086319134
2 0.14170885439254313 0.2617263343918017 0.14175797413193553 0.2594637859692779 0.1765763057413798 0.25988898146507833 0.1765271860019874 0.2621515298876021
2 0.07629667316597293 0.2586785798137003 0.07632829141345589 0.25687107593634245 0.11268817536116706 0.2572288456488865 0.1126565571136841 0.2590363495262443
0 0.08216537877623674 0.25147833236008305 0.08199506004819342 0.22642542010027567 0.10031927359696821 0.22635534688282666 0.10048959232501153 0.25140825914263404
2 0.2059920392499698 0.26318778752165983 0.20609994594204223 0.2606091959163258 0.23935649748183885 0.2613920224826466 0.23924859078976643 0.26397061408798067
2 0.2703809834297112 0.2626702251069556 0.30525955378684866 0.2626702251069556 0.30525955378684866 0.2661292568779114 0.2703809834297112 0.2661292568779114
