4 0.664294966247826 0.8546201911460881 0.6655594582898425 0.5751578666522053 0.7523071273688137 0.5753786534874058 0.751042635326797 0.8548409779812887
3 0.6355225939812482 0.8732447118183783 0.6356533534532685 0.7889862935971731 0.6633249745146268 0.7890104491502078 0.6631942150426066 0.873268867371413
2 0.6644769294285525 0.6277341558127566 0.6646877041681358 0.5916463872580693 0.670023198692949 0.5916639162014387 0.6698124239533657 0.627751684756126
3 0.6153847740005375 0.6414536675394296 0.6154429347072652 0.5696579628100319 0.6697499315388709 0.5696827090674429 0.6696917708321432 0.6414784137968407
3 0.632628776305514 0.715067658732552 0.6325260055789239 0.6438982487799688 0.6686203912790951 0.6438689305164935 0.6687231620056852 0.7150383404690767
2 0.6609476093897168 0.8434262372985242 0.6609149270993201 0.7990894233634818 0.6645452556288717 0.7990879180863678 0.6645779379192683 0.8434247320214102
2 0.6635800712772476 0.6943691013674964 0.6636235283084976 0.6588138035159345 0.6683845561702124 0.6588170767644755 0.6683410991389623 0.6943723746160375
3 0.6499825998474688 0.7132436109846882 0.6770363522697577 0.7132436109846882 0.6770363522697577 0.7938251449853466 0.6499825998474688 0.7938251449853466
0 0.6291929849069063 0.596921723088906 0.6552161181893019 0.596921723088906 0.6552161181893019 0.6150863854295853 0.6291929849069063 0.6150863854295853
2 0.6644566450245187 0.7714471438396512 0.6644239627341222 0.7271103299046088 0.6680542912636738 0.7271088246274948 0.6680869735540703 0.7714456385625372
