3 0.7772751464837897 0.32356045422898766 0.7772232094992277 0.2266631376563214 0.8504986001253998 0.22664104511631553 0.8505505371099618 0.3235383616889818
4 0.6734504395409795 0.4126894566994895 0.6649198405826461 0.06561012625515354 0.7717442219173539 0.06413325143039328 0.7802748208756872 0.4112125818747292
3 0.7775161132809797 0.4111375577948916 0.777514485676813 0.3167488248847353 0.8813032226565206 0.31674781818167075 0.8813048502606873 0.411136551091827
3 0.7774331054492968 0.24100118701377504 0.7768043619597135 0.13848855273643126 0.9006523993263709 0.13806127746100552 0.9012811428159542 0.2405739117383493
2 0.772560388977068 0.13449640263558404 0.7724269254354014 0.08546051396370899 0.7839047063852734 0.08544294164571165 0.7840381699269401 0.1344788303175867
2 0.774223271604666 0.22108752862198966 0.7743508757713327 0.17519394341691133 0.7845549401711448 0.17520990252393684 0.7844273360044781 0.22110348772901517
2 0.777417542903455 0.30654427923438266 0.7774556288409551 0.25963436712500704 0.7866661901566404 0.2596385735064805 0.7866281042191404 0.3065484856158561
3 0.7723833822047098 0.15261254371892025 0.7718249512151265 0.021574640886889 0.8652518717015402 0.02135068259943913 0.8658103026911236 0.15238858543147038
2 0.7783586933915734 0.38933394800681126 0.77831832880824 0.34501784693259235 0.7877545322953052 0.3450130123525597 0.7877948968786386 0.3893291134267786
0 0.8020850935753703 0.3777636137509244 0.8020820175178425 0.356352458990522 0.8469983074023344 0.35634882920665906 0.8470013834598622 0.37775998396706145
