1 0.588947974449307 0.39904755597718433 0.5892138512658868 0.3173699633267113 0.7025670370280794 0.31757751861269506 0.7023011602114997 0.39925511126316815
1 0.48455858062344814 0.17439516616140072 0.48622176788175936 0.10288714287457625 0.596022428843128 0.10432367008757286 0.5943592415848167 0.17583169337439733
4 0.4667815144705801 0.3950825097796813 0.4667654011893301 0.31943901612733755 0.9501826654762838 0.3193810923211381 0.9501987787575339 0.3950245859734819
1 0.7048128620524937 0.39857808298590025 0.7051840983493343 0.31574568830604094 0.8231247276927719 0.31604301656140193 0.8227534913959313 0.39887541124126125
1 0.5985153402149305 0.17648960506774045 0.5994121487860884 0.1038690110037018 0.7031015363579812 0.10458928342986382 0.7022047277868232 0.17720987749390246
1 0.4680724824129658 0.39842233054158077 0.4687410625662874 0.317798366556419 0.5854525082804244 0.318342775572452 0.5847839281271029 0.3989667395576138
1 0.7035352787767344 0.1776035749412299 0.704309053751801 0.1050645949696041 0.8113134018772765 0.10570664251210882 0.8105396269022098 0.17824562248373463
1 0.8082252985589765 0.17733936248412457 0.8108363603852153 0.1044505478423074 0.9287017580836577 0.10682555608147858 0.9260906962574189 0.17971437072329577
2 0.621691545326709 0.17583905106749667 0.6217829604870152 0.17215616457233834 0.6786338635658038 0.17294992562477693 0.6785424484054976 0.17663281211993526
1 0.8217031091926132 0.39886422387166 0.8201438108184171 0.3158265615360366 0.950144591124021 0.3144533969404049 0.9517038894982172 0.3974910592760283
2 0.6138937849291844 0.39911664317382134 0.6140093194723801 0.39444187095317024 0.6768883930755183 0.3953160090705166 0.6767728585323227 0.3999907812911677
2 0.7296275722217613 0.17740911895487685 0.7298130592588312 0.17361210460316942 0.7890433622904436 0.17523966759687817 0.7888578752533737 0.1790366819485856
2 0.7331663633815573 0.39841938003762956 0.7332942221092603 0.3942874842883929 0.7975441988915786 0.39540583115421624 0.7974163401638755 0.3995377269034529
0 0.5103716631595777 0.38310565994656676 0.5089840636491157 0.34519630835828763 0.5400742334237104 0.34455618540219707 0.5414618329341724 0.38246553699047614
2 0.4976771803907623 0.3982079448685565 0.49772284485690693 0.3946531155381286 0.5593483985654549 0.3950984055883762 0.5593027340993103 0.3986532349188041
2 0.5126728457588311 0.17587427808505646 0.5126559904586645 0.17145910195498013 0.5706278171698217 0.17133461381729448 0.5706446724699883 0.1757497899473708
2 0.8385374877565517 0.1776999780623767 0.8385951788178542 0.17465723400563907 0.897059612657091 0.17528076404471865 0.8970019215957885 0.17832350810145628
0 0.5269704590099991 0.158721524579653 0.5273234049735407 0.12401214347613737 0.5551590169014593 0.12417135872112822 0.5548060709379177 0.15888073982464385
4 0.4845451811775408 0.17023655626870934 0.48589064186397923 0.10437516126904078 0.9277531330696727 0.10945265914980602 0.9264076723832341 0.17531405414947457
2 0.8534862577829243 0.39461544358666545 0.9195919139336317 0.39461544358666545 0.9195919139336317 0.39840011855712587 0.8534862577829243 0.39840011855712587
