3 0.31889942502493823 0.736348932384604 0.31582935111444077 0.6895866821725547 0.4402098166392904 0.6849933470249915 0.44327989054978784 0.7317555972370408
4 0.0845188741442955 0.9169498193359487 0.07886142270893841 0.8268975077674016 0.5413889762913527 0.8105524633308986 0.5470464277267099 0.9006047748994457
3 0.4395461907492091 0.7674191266932857 0.435669389977436 0.7247522260959341 0.5602109648276619 0.7183869203779222 0.564087765599435 0.7610538209752737
3 0.41503638295179507 0.9278449792682976 0.41381087905402797 0.8980257506477131 0.5477617981747298 0.894929140612487 0.5489873020724969 0.9247483692330716
4 0.12014362994966021 0.7431104785217276 0.11214425013747913 0.6622920021502876 0.5500277471971612 0.6379123916070025 0.5580271270093423 0.7187308679784424
3 0.28597833549109375 0.954892038863672 0.28491897174154984 0.9070139989079427 0.4236790621798037 0.9052869849568875 0.42473842592934763 0.9531650249126169
2 0.47043418160494194 0.7262556437893234 0.4702558893001198 0.7207662896365785 0.5289778143607796 0.7196934516072541 0.5291561066656018 0.7251828057599988
2 0.3381756963395762 0.9123724599805776 0.3380490733854523 0.9062501571467492 0.4002470451202787 0.90552656077074 0.4003736680744026 0.9116488636045684
3 0.19853899070753633 0.7431813540824647 0.19595301549767916 0.7003898439368103 0.3297400047831489 0.6958420251512552 0.33232597999300606 0.7386335352969094
3 0.07208989300561307 0.7546147464023408 0.07022711603669919 0.7283314008148228 0.22259655068099707 0.7222570398328595 0.22445932764991092 0.7485403854203776
3 0.15632097253518795 0.9566523967543865 0.15387528536936373 0.9129473796993262 0.30661412964945406 0.9081396323468135 0.30905981681527833 0.9518446494018739
3 0.028793075290199782 0.926307489519003 0.027647648814552207 0.8906179789552321 0.19050792524948001 0.8876778639438152 0.1916533517251276 0.9233673745075861
2 0.22266791975075217 0.9156984157030762 0.2227344658832656 0.9086961643810751 0.2852190316443702 0.909030190485839 0.2851524855118568 0.9160324418078399
2 0.16460909439767663 0.7369194565525805 0.20401961036528207 0.7369194565525805 0.20401961036528207 0.7394930984264545 0.16460909439767663 0.7394930984264545
