1 0.30567033850867775 0.594588133503355 0.30882583762835586 0.5305612511174853 0.39778938271358705 0.5330275193860351 0.3946338835939089 0.5970544017719048
1 0.4797728266510468 0.5975499630051112 0.4806601964427135 0.5328793087082362 0.5635886642343698 0.5335193729323889 0.5627012944427032 0.598190027229264
1 0.5646426598987682 0.5991528637434888 0.5655087894560598 0.5346232006575512 0.6507557776012316 0.5352668139908863 0.64988964804394 0.5997964770768237
1 0.39550052883255504 0.5966877127126629 0.39647894319380583 0.5324922034082589 0.4796448777161949 0.5332051978901424 0.4786664633549441 0.5974007071945464
0 0.6000222150081865 0.5753189647624034 0.5984113751644365 0.5435300243327159 0.6180842352766897 0.542969278129931 0.6196950751204396 0.5747582185596185
2 0.33345449687276696 0.5342808816521776 0.33352548100038854 0.5312308731913021 0.3786243138934413 0.5318212754835534 0.3785533297658198 0.5348712839444288
2 0.41696147759141167 0.5355720674075797 0.4170957317720782 0.5322000612688375 0.46201540870941904 0.5332060627330634 0.4618811545287525 0.5365780688718056
2 0.5007955186156084 0.5367544673732516 0.5007921087082164 0.5337465929340188 0.5447794618708648 0.5337185429099565 0.5447828717782569 0.5367264173491892
2 0.5834984179720027 0.5385816239393797 0.5834688880734236 0.535180989126521 0.6277422113709623 0.5349647339019782 0.6277717412695415 0.5383653687148369
4 0.30675255073200464 0.5924877106923092 0.30810186817911583 0.5335560179552149 0.6510540295876966 0.5379729558336134 0.6497047121405854 0.5969046485707077
