3 0.5973882636682861 0.9223758676112662 0.591226717427373 0.8908632403026938 0.7162775788563852 0.8771097060477098 0.7224391250972986 0.9086223333562822
3 0.5938226406766283 0.6572449868585154 0.5927901422811376 0.602993558080341 0.7035806599474838 0.6018075071910819 0.7046131583429746 0.6560589359692562
3 0.7158999172073741 0.9142120206034713 0.7080229732063602 0.8772256544967406 0.8462407087127665 0.8606678635892369 0.8541176527137805 0.8976542296959675
3 0.7008479424542966 0.6560321802156107 0.7027334578045648 0.6017025683779372 0.8200675423193428 0.6039931205393323 0.8181820269690746 0.6583227323770058
4 0.4885094557505302 0.6549660315489434 0.48782400373979057 0.5822126795934794 0.9149262976273976 0.5799491901249432 0.9156117496381373 0.652702542080407
3 0.8085769846526305 0.6746738081606438 0.8094637365376147 0.6504094205690167 0.9556349888878662 0.6534142323986057 0.954748237002882 0.6776786199902327
3 0.46324116129826204 0.9178321267151932 0.45270129040475837 0.8736465947940467 0.580933821150125 0.8564407522694245 0.5914736920436287 0.900626284190571
2 0.7334563993407437 0.8787365919306771 0.732661545373232 0.8749103155241172 0.7948121253852766 0.8676479397063818 0.7956069793527882 0.8714742161129417
2 0.6179701059847118 0.89180965424568 0.6172456143991308 0.8874746459571421 0.6794810379060622 0.8816240030792561 0.6802055294916431 0.885959011367794
3 0.4796503067926644 0.6622238519065374 0.4774357780095219 0.6190207797504828 0.5914504313512758 0.6157333998398601 0.5936649601344183 0.6589364719959148
3 0.8286786517689719 0.8792531776266247 0.8218942259119675 0.8476778605637226 0.9756789511319743 0.8290912111069487 0.9824633769889788 0.8606665281698508
4 0.4739163926728592 0.9053672257310683 0.45554725124115575 0.8168449212529814 0.9209008593711927 0.7625271728582169 0.939270000802896 0.8510494773363038
1 0.5169696392215919 0.04018870662180449 0.5713139638897173 0.007005246777583451 0.612701379803495 0.045131433369046965 0.5583570551353696 0.078314893213268
0 0.5241107277977562 0.6454902906487808 0.550668991122425 0.6454902906487808 0.550668991122425 0.6585619358788911 0.5241107277977562 0.6585619358788911
0 0.5102091368387487 0.897741920625076 0.5421620474012404 0.897741920625076 0.5421620474012404 0.9080124990201589 0.5102091368387487 0.9080124990201589
