3 0.534362272799213 0.6812149956813777 0.5383944530295273 0.5933727323847124 0.6840057025157363 0.5971324382875824 0.6799735222854221 0.6849747015842477
3 0.6729734296912384 0.684053705533277 0.6773907473995717 0.6115511420567146 0.8318566077436571 0.6168448540370356 0.8274392900353238 0.6893474175135981
3 0.3862997632089049 0.6810163302934196 0.3880317781828633 0.6065348849809196 0.5370618090567199 0.6084842800581431 0.5353297940827615 0.6829657253706432
4 0.3959750371783096 0.7802843867615618 0.39995868718907135 0.6787826318030924 0.9722927037071072 0.6914177616759382 0.9683090536963455 0.7929195166344076
3 0.8149777812005621 0.6871903382848111 0.8211592590651454 0.5925255433629361 0.9856563333827713 0.5985675962855014 0.9794748555181879 0.6932323912073763
2 0.5681257722213194 0.6823933866258686 0.5685451758794687 0.6751198184915548 0.6435178218639351 0.6775515189020118 0.6430984182057858 0.6848250870363256
2 0.7054581712583162 0.6853770476756149 0.7059154131257348 0.6788961578005872 0.7817936648147296 0.6819074381524156 0.7813364229473111 0.6883883280274433
2 0.4344982081767957 0.6893596527046357 0.435550779791379 0.6651387054390108 0.5095104995054959 0.6669466217094268 0.5084579278909126 0.6911675689750517
0 0.8714288781544313 0.6681851915890741 0.8751017297169313 0.6268877062375116 0.9184130814809853 0.6290544324343633 0.9147402299184854 0.6703519177859258
2 0.8464212928842976 0.6885995759866309 0.8468123181765935 0.6814862584000281 0.9218031816880763 0.6838050596810742 0.9214121563957804 0.6909183772676771
