4 0.6687613578059622 0.8662930416988018 0.6666031934660667 0.5450742314655538 0.7702739422315273 0.5446824333840099 0.772432106571423 0.865901243617258
2 0.7705234593518901 0.6883777362944786 0.7706007853115722 0.6459447970490209 0.7792580793976431 0.6459536712017844 0.779180753437961 0.6883866104472421
3 0.7717045114642098 0.718754176415499 0.7717881703183764 0.6284581559076866 0.888830850500353 0.628519153133892 0.8887471916461863 0.7188151736417043
2 0.7698242049947052 0.6085456377079318 0.7699229113869523 0.566295453546322 0.7793299559934367 0.5663078156505933 0.7792312496011894 0.6085579998122029
3 0.773454749733652 0.9042585169298378 0.7735528224973247 0.7905594217210544 0.8616822169983137 0.7906021814278118 0.861584144234641 0.9043012766365953
0 0.7926310623002315 0.8557666640252921 0.7932157902717821 0.8244260129399417 0.8293535381985054 0.8248052663252983 0.8287688102269549 0.8561459174106487
3 0.7720071715676827 0.8155396125137767 0.7721691569513695 0.7103825392068202 0.8306327788240779 0.71043319692015 0.8304707934403912 0.8155902702271064
2 0.7720558467666191 0.8480142935122275 0.7721670751775437 0.8051409997505758 0.7798394348876445 0.8051521962011128 0.7797282064767199 0.8480254899627645
2 0.771275027497516 0.7690106499622292 0.7714296073254582 0.7260286413066507 0.7789064588280972 0.7260437667249576 0.778751879000155 0.7690257753805362
3 0.7697830403579072 0.6378104264671483 0.7701557482963152 0.5450665921893194 0.8471016289092795 0.5452405289978954 0.8467289209708715 0.6379843632757243
