3 0.258005355373626 0.24431442549461355 0.25672528989545645 0.21942071932684462 0.37033239365274734 0.2161346960055026 0.37161245913091695 0.24102840217327154
3 0.15390973464003624 0.24542253623339277 0.15179100091607792 0.2166779073271428 0.2690792229498438 0.21181499317562238 0.27119795667380214 0.2405596220818724
3 0.3023791175633653 0.4131996109054848 0.3651584144383653 0.3535297500656411 0.4189058516221206 0.3853381416992473 0.35612655474712057 0.445008002539091
3 0.05701593738499746 0.24951174240718926 0.049659872116397726 0.194595719222651 0.16662002702294212 0.18578306042241077 0.17397609229154185 0.24069908360694905
4 0.2869542743324297 0.38513061062698645 0.5656066620206864 0.18284776073765854 0.6282614932822939 0.2313968175000194 0.3496091055940371 0.43367966738934727
3 0.5290314475590001 0.26301456215928576 0.6118767907041751 0.19495202218138474 0.6507552107911082 0.22157098219118795 0.5679098676459332 0.28963352216908894
3 0.473327336382557 0.32666465033454073 0.5462695564346404 0.27170072211188445 0.5686403487878231 0.28840028512755406 0.49569812873573965 0.3433642133502104
3 0.402456293342455 0.3769716725050033 0.47142264083380414 0.32568831518225855 0.49310486675557635 0.34208995117142704 0.4241385192642271 0.39337330849417185
4 0.009043669273135645 0.2506221324608269 -7.105427357601002e-18 0.18386721782367949 0.3630695363552173 0.15619947282490804 0.3721132056283529 0.22295438746205543
0 0.3562120412010548 0.4096243265641044 0.3697758918811197 0.3957987317948088 0.38980697663115416 0.4068529026251902 0.3762431259510893 0.4206784973944858
3 0.0002839379212651436 0.2555835705173101 0.00010623235913241869 0.22307646678693144 0.08893437644196416 0.22280332014897777 0.08911208200409688 0.25531042387935643
0 0.007027869485221539 0.24118370278828472 0.04876915491259796 0.24118370278828472 0.04876915491259796 0.2536421986939047 0.007027869485221539 0.2536421986939047
