4 0.4563042845129674 0.9078448951956726 0.458296903270842 0.8305381773857186 0.8652237854940832 0.8364380941831768 0.8632311667362086 0.913744811993131
3 0.5580830076972868 0.9500713446353896 0.5593990242409621 0.9085267078548582 0.6645734056179405 0.9104007479375574 0.6632573890742652 0.9519453847180886
3 0.6583182916014636 0.9549297897630566 0.6606739334616559 0.909599552314425 0.7791536235813915 0.9130628331177526 0.7767979817211992 0.9583930705663841
3 0.6592039546416743 0.6906434365865871 0.6545884699715967 0.6547973278373383 0.7593961560211405 0.6472064683160399 0.7640116406912181 0.6830525770652887
4 0.46833708502123983 0.699369826242392 0.45888032400002937 0.6318624096056505 0.8371921029915371 0.6020523176436948 0.8466488640127475 0.6695597342804361
3 0.5633080380556265 0.6974842086833476 0.5595312797078997 0.6609095299999008 0.6578784396869156 0.655197071891645 0.6616551980346422 0.6917717505750918
3 0.757778678031894 0.715311084555261 0.7538063473027273 0.6752551763521362 0.8778745408899173 0.6683342886478266 0.881846871619084 0.7083901968509515
3 0.762069986078719 0.9390450620883517 0.7623073529256852 0.9125523974051111 0.8951060269231845 0.9132216817762395 0.8948686600762183 0.9397143464594803
2 0.6810636265303717 0.9153373103837112 0.681538168635014 0.9088420230736228 0.7358515927819963 0.9110740842624819 0.7353770506773538 0.9175693715725703
2 0.581175984235897 0.9140823498374584 0.5814236943598086 0.9086134828407149 0.6344915275910642 0.9099655562681191 0.6342438174671526 0.9154344232648628
3 0.461504975058704 0.7097136057262752 0.458920534494414 0.6872390672519422 0.5628063610766229 0.6805192943931349 0.5653908016409129 0.7029938328674679
2 0.7725028462991257 0.6800428542586839 0.7720979997456241 0.6742421731456724 0.8233245642708892 0.6722310937652343 0.8237294108243908 0.6780317748782458
3 0.44741219504672913 0.8927253632180215 0.5564123581263749 0.8927253632180215 0.5564123581263749 0.9192058845641999 0.44741219504672913 0.9192058845641999
