1 0.36119296412399415 0.5591204522063351 0.35378151487611087 0.3998748553026955 0.5903909253791607 0.3936805836695587 0.597802374627044 0.5529261805731984
1 0.36033947139637146 0.3955380192692517 0.3533795976696522 0.2513782283983846 0.5771607669136805 0.2453010318555218 0.5841206406403997 0.3894608227263889
1 0.0636839865894425 0.5717234812454357 0.06423979527603331 0.40959108153236845 0.30011455947577476 0.4100459224479165 0.299558750789184 0.5721783221609837
1 0.3595672424057124 0.7563346728104761 0.3519560918708982 0.5628231929604532 0.6072643413023434 0.5571747213276663 0.6148754918371576 0.7506862011776891
1 0.6349729401336887 0.2417008584740225 0.6193095286753553 0.10566158235097564 0.8360439462595405 0.09162464201425867 0.8517073577178738 0.22766391813730555
1 0.3598025162688903 0.2510197177674209 0.34994803178355677 0.11893103817521254 0.5629883567329361 0.10999072661188952 0.5728428412182697 0.24207940620409787
4 0.3650740687692535 0.7546271296136651 0.34678808434637026 0.11517835556073044 0.5875707017505932 0.11130524187982206 0.6058566861734765 0.7507540159327566
0 0.4031081096892114 0.19017891031874976 0.39962951268400304 0.16398371988906227 0.4721606077587053 0.1585658406578128 0.47563920476391364 0.1847610310875003
3 0.028140569198567188 0.7663025126056469 0.039308960915980865 0.5440340048269552 0.1336973018889639 0.5467018067640987 0.1225289101715502 0.7689703145427903
1 0.6946435369016147 0.7558786950297923 0.666746814322726 0.551722195969877 0.9301759413978621 0.5314744681852245 0.9580726639767508 0.7356309672451398
1 0.6537439850046795 0.39209337296014624 0.6331298243999952 0.24132758327722864 0.8631628335114258 0.22363564009934775 0.8837769941161099 0.3744014297822653
4 0.7088677074079357 0.7508200442939986 0.6305020851809615 0.10433604723363613 0.8650800500895299 0.08834129384651868 0.943445672316504 0.7348252909068812
2 0.06313718879970819 0.5350069979100894 0.06911019742601958 0.44906653596342516 0.08124322549742859 0.44954087316533087 0.0752702168711172 0.5354813351119951
4 0.0659813692562159 0.7616779329901249 0.10268271590143607 0.12153625474451905 0.3177588174519696 0.12847243831110847 0.28105747080674937 0.7686141165567143
0 0.6777095302679922 0.1773948598546076 0.6750135667263255 0.14777935082140448 0.7623752272189871 0.14330594580945494 0.7650711907606538 0.17292145484265806
2 0.35859631775884415 0.3660960357915273 0.3558188369000232 0.2847139975246538 0.3660986561789715 0.28451665052939906 0.3688761370377925 0.3658986887962726
2 0.3581969172947465 0.22450817752498886 0.35601958441106596 0.1512503561295291 0.3669059309868986 0.15106835439973024 0.36908326387057916 0.22432617579518999
2 0.3568890160391813 0.7026221061438521 0.35758025000563187 0.6037738085042087 0.36690564539350534 0.6038104898835099 0.36621441142705474 0.7026587875231534
2 0.35890182083519606 0.524204516857707 0.3573383847137178 0.43563982437175197 0.3668622852661328 0.4355452536069334 0.36842572138761104 0.5241099460928883
3 0.6397502717571811 0.31088606790321094 0.7632227526265415 0.31088606790321094 0.7632227526265415 0.5454498605437684 0.6397502717571811 0.5454498605437684
2 0.6247808285735231 0.1371757476528615 0.6443052294664474 0.1371757476528615 0.6443052294664474 0.20938236819651534 0.6247808285735231 0.20938236819651534
2 0.6404901166482904 0.27149016069210563 0.6640540487604383 0.27149016069210563 0.6640540487604383 0.351944157475011 0.6404901166482904 0.351944157475011
2 0.6761115892491576 0.5937006929568482 0.703400962075972 0.5937006929568482 0.703400962075972 0.693411862900978 0.6761115892491576 0.693411862900978
