1 0.38517080247402125 0.14557208120822868 0.5907215029001227 0.14557208120822868 0.5907215029001227 0.2960629393366991 0.38517080247402125 0.2960629393366991
1 0.40765742212533473 0.44855085556029806 0.5942414233517548 0.44855085556029806 0.5942414233517548 0.5779353694264988 0.40765742212533473 0.5779353694264988
1 0.3972915709018628 0.3054023746336936 0.5906698967747689 0.3054023746336936 0.5906698967747689 0.44480555437761743 0.3972915709018628 0.44480555437761743
0 0.48437495157122595 0.6315678882655762 0.5686774518799609 0.6315678882655762 0.5686774518799609 0.6633686227723955 0.48437495157122595 0.6633686227723955
1 0.4177410454270809 0.5821779221296314 0.596417027761765 0.5821779221296314 0.596417027761765 0.7075963765382768 0.4177410454270809 0.7075963765382768
4 0.4010805166210607 0.14845995833419606 0.5736628530482792 0.14496104577094493 0.593886267945599 0.7060610513763415 0.42130393151838036 0.7095599639395925
2 0.584983531146084 0.4767640940845055 0.5931378230452538 0.4767640940845055 0.5931378230452538 0.5455763228237671 0.584983531146084 0.5455763228237671
2 0.5802358975189715 0.3359859779542934 0.5906777001117688 0.3359859779542934 0.5906777001117688 0.41133678061854945 0.5802358975189715 0.41133678061854945
2 0.5872422894462969 0.60638438165188 0.5960920611396457 0.60638438165188 0.5960920611396457 0.6723736782444839 0.5872422894462969 0.6723736782444839
2 0.5790185563956307 0.18706460591703716 0.5866305444288774 0.18706460591703716 0.5866305444288774 0.26565838236030914 0.5790185563956307 0.26565838236030914
