4 0.44762435858863303 0.2358188683214774 0.44120394843238303 0.1567686974230399 0.8959158432342836 0.1359947608289132 0.9023362533905336 0.2150449317273507
1 0.5608640952305214 0.23290317080249856 0.5558238120273964 0.1459630462907798 0.6633086749517705 0.14245791318187648 0.6683489581548955 0.22939803769359524
0 0.4841147051395181 0.21840303863682972 0.48258711724889314 0.177816918031361 0.5121274823604818 0.17719150482020155 0.5136550702511068 0.2177776254256703
1 0.7855498062759942 0.2262619745401033 0.7802766942968276 0.13693879338775958 0.9006404606510893 0.1329419133993498 0.905913572630256 0.22226509455169352
1 0.444804199067272 0.235655223857128 0.44144401026518865 0.15127207566376863 0.5558238120004363 0.14871007155302823 0.5591840008025197 0.2330932197463876
2 0.46888488871900336 0.23477583579543282 0.46872835489833303 0.2311459581579696 0.5323496130371591 0.22960269147547374 0.5325061468578295 0.23323256911293694
1 0.6708505644421932 0.22987512499916682 0.6671407662651098 0.1408951140128387 0.7779733694770777 0.1382958649910675 0.781683167654161 0.22727587597739562
2 0.6941132896840921 0.2269636908119314 0.6939943575127077 0.22208193676536347 0.7590560422005174 0.22119033425118093 0.759174974371902 0.22607208829774886
2 0.8096396615313126 0.2234919941885 0.8094381425529462 0.21904799171446657 0.8703867084134673 0.21749335944361634 0.8705882273918337 0.22193736191764976
2 0.5792417281206348 0.23121026660874178 0.5791033764004839 0.22705901555335567 0.6436280343288364 0.22584938206460595 0.6437663860489873 0.23000063311999208
