4 0.390402370273839 0.19457973013000443 0.5928298168412957 0.1961820892622326 0.5836792270229819 0.8464332739164743 0.3812517804555253 0.8448309147842461
0 0.4556435521980168 0.745981609390697 0.5597345550619068 0.745981609390697 0.5597345550619068 0.7851706894761884 0.4556435521980168 0.7851706894761884
1 0.3780218879711859 0.36141708325727867 0.5971765515622566 0.36141708325727867 0.5971765515622566 0.5142969675261175 0.3780218879711859 0.5142969675261175
1 0.37076245555636606 0.6844613556463822 0.5946284933216319 0.6844613556463822 0.5946284933216319 0.8450796976392836 0.37076245555636606 0.8450796976392836
1 0.3758474075831229 0.5192303811908066 0.5950020711742013 0.5192303811908066 0.5950020711742013 0.6809359633777523 0.3758474075831229 0.6809359633777523
1 0.3803383631170151 0.19461038378835088 0.5991792879469402 0.19461038378835088 0.5991792879469402 0.3552967362530964 0.3803383631170151 0.3552967362530964
2 0.5880217476337549 0.3974701158123885 0.5972049588058654 0.3974701158123885 0.5972049588058654 0.48167423760830297 0.5880217476337549 0.48167423760830297
2 0.589206678107576 0.23950407202110413 0.5986861218981416 0.23950407202110413 0.5986861218981416 0.32370819381701854 0.589206678107576 0.32370819381701854
2 0.5850594214492026 0.5549918106759892 0.5949333278959443 0.5549918106759892 0.5949333278959443 0.6396441089772364 0.5850594214492026 0.6396441089772364
2 0.5843575333953659 0.7131258666123638 0.5934738755700206 0.7131258666123638 0.5934738755700206 0.8013264771521479 0.5843575333953659 0.8013264771521479
