4 0.06662212539383806 0.6358014729974261 0.5633953019868034 0.6277568084987949 0.5659092207076436 0.7150788660232804 0.06913604411467825 0.7231235305219117
0 0.48881507870699364 0.6404979736769887 0.5185933157563191 0.6404979736769887 0.5185933157563191 0.6847665135762078 0.48881507870699364 0.6847665135762078
1 0.4433939483937138 0.6258825573101088 0.5653419959450294 0.6258825573101088 0.5653419959450294 0.7199057828283053 0.4433939483937138 0.7199057828283053
1 0.3219052875248816 0.6264042201905128 0.4385402762624101 0.6264042201905128 0.4385402762624101 0.7222445790167601 0.3219052875248816 0.7222445790167601
1 0.19686221030079354 0.6277220023909319 0.31716689437350015 0.6277220023909319 0.31716689437350015 0.7243634510840544 0.19686221030079354 0.7243634510840544
1 0.06860349752906417 0.6296607968863258 0.19407830025613554 0.6296607968863258 0.19407830025613554 0.7268987977318703 0.06860349752906417 0.7268987977318703
2 0.10064679978067263 0.629913360926441 0.16732996996910343 0.629913360926441 0.16732996996910343 0.6349519213604549 0.10064679978067263 0.6349519213604549
2 0.22530451718516456 0.6280472274323617 0.29074359837754254 0.6280472274323617 0.29074359837754254 0.6326192544928558 0.22530451718516456 0.6326192544928558
2 0.34759846549715623 0.6258078672394667 0.41216668439229714 0.6258078672394667 0.41216668439229714 0.6304732009746646 0.34759846549715623 0.6304732009746646
2 0.4682750981142791 0.6256212538900587 0.5322212725113936 0.6256212538900587 0.5322212725113936 0.6290736008541054 0.4682750981142791 0.6290736008541054
