1 0.06760915959552324 0.9414045900911884 0.06419714883208372 0.8391571712550321 0.2023329872763145 0.8365642642918417 0.20574499803975402 0.9388116831279981
1 0.23903543778764724 0.7310769095601082 0.23845252843743997 0.6376545032762077 0.37113445560005387 0.6371888268319748 0.3717173649502612 0.7306112331158754
1 0.2411348905458972 0.8270622855013763 0.23971014257983433 0.734639349244754 0.37145327803843836 0.7334969739406574 0.37287802600450126 0.8259199101972797
4 0.4166791296960649 0.9260630244652327 0.4064281209806309 0.5356481783866193 0.527300893956697 0.533862960247002 0.537551902672131 0.9242778063256154
1 0.57698716559275 0.8211740596907604 0.573673200749 0.7258587520735729 0.7011887801121134 0.7233648981097945 0.7045027449558634 0.8186802057269821
1 0.40720319042238967 0.7252999804128848 0.4052077801397531 0.6340122588420426 0.5345985159586117 0.6324213490771581 0.5365939262412484 0.7237090706480003
1 0.23913066125420582 0.6357416661438741 0.23690039560577064 0.5375472246221281 0.36898425205709623 0.5358597317071021 0.3712145177055314 0.634054173228848
1 0.24378755201952265 0.9338461975910615 0.23967646817068272 0.8327118732262023 0.37266510008249265 0.8296710245940184 0.3767761839313325 0.9308053489588776
1 0.5797827904729981 0.9214848511792652 0.575824108893381 0.8240209201081659 0.7045136140363103 0.8210807510431162 0.7084722956159274 0.9185446821142155
1 0.5748199809823186 0.7234991917701241 0.5702470079551742 0.6301952877533679 0.6962320129426829 0.6267220044531312 0.7008049859698272 0.7200259084698873
4 0.07381696149482844 0.9405294944185023 0.07120096517794548 0.5399220687487766 0.19735512786527104 0.5394586834564952 0.19997112418215401 0.9400661091262208
4 0.246917470654121 0.93352924821706 0.24074242194117468 0.5370730705582641 0.36387237072608863 0.5359942941903539 0.37004741943903496 0.9324504718491498
1 0.7356535773148853 0.7187207654313703 0.733402017786947 0.6264741640112589 0.8575465988628231 0.6247697175936257 0.8597981583907615 0.7170163190137371
1 0.7437882445811532 0.9133230425000106 0.7368993322688164 0.8147393739658059 0.8621441300836459 0.8098163958606582 0.8690330423959827 0.908400064394863
1 0.7392557779415128 0.8120197735521312 0.736623290962346 0.7211802960130687 0.8604232585168202 0.7191622332838065 0.8630557454959868 0.810001710822869
4 0.5855352204979497 0.9212308418829367 0.5721022083362701 0.533187023100795 0.6904316896565527 0.5308828870144628 0.7038647018182321 0.9189267057966045
1 0.06884003234294 0.835214212496453 0.06981704028428892 0.7411077063900756 0.20209315813623938 0.741880177794055 0.20111615019489046 0.8359866839004325
0 0.11891503907791762 0.8989898077815313 0.11844083660395929 0.8789169318049688 0.16652121987390528 0.8782780144840937 0.1669954223478636 0.8983508904606562
4 0.748248420152698 0.9133371389096377 0.7316078704423815 0.5305526377392366 0.8471516472820775 0.527727221674999 0.863792196992394 0.9105117228454002
3 0.12051295404985062 0.760652594694612 0.12594572857731434 0.6396480888146571 0.20849981541852172 0.6417329696791169 0.203067040891058 0.7627374755590719
1 0.06702676260781945 0.6402981053365666 0.06419122571466847 0.5410174868995191 0.19981119094511204 0.5388386888192551 0.202646727838263 0.6381193072563027
3 0.4577341376240198 0.6410951238603055 0.46095242515046136 0.5328060612676224 0.5392339493828987 0.5341147068631507 0.5360156618564572 0.6424037694558338
2 0.8571847027892757 0.7892409755222914 0.8551663108621924 0.7382375575535415 0.86236731928622 0.7380772617823966 0.8643857112133034 0.7890806797511466
0 0.796803627961218 0.87349167270817 0.7957586250075261 0.8561340126989755 0.8430174172621723 0.8545336018529477 0.8440624202158641 0.871891261862142
0 0.2982468665111813 0.8926895704840764 0.2968237708080563 0.8735772657965764 0.34361901890548535 0.8716173142815484 0.34504211460861034 0.8907296189690483
0 0.6379826791846459 0.8808512643360625 0.6361020911841934 0.8620797700828751 0.6817964954863371 0.859504751529029 0.6836770834867898 0.8782762457822165
2 0.8549136167305814 0.6951809359582635 0.8527805086058371 0.6447133060418355 0.8585695231931739 0.6445756715984325 0.8607026313179182 0.6950433015148606
2 0.8613268808266674 0.8833980636958165 0.8595006494680091 0.8321668967972164 0.864067169251663 0.83207533181441 0.8658934006103214 0.8833064987130101
2 0.370850644469926 0.9041147118623482 0.36923313401937935 0.8512802062189736 0.3739871354875477 0.8511983387648031 0.37560464593809434 0.9040328444081777
2 0.7027387586921203 0.8909945924267695 0.7012281405627726 0.83950004835285 0.7057551478211241 0.8394253472191762 0.7072657659504717 0.8909198912930957
2 0.6952928645888963 0.6996315268790441 0.6933648839140487 0.648982066267955 0.6981678179481128 0.64887922746795 0.7000957986229603 0.6995286880790391
0 0.9579661805259451 0.846317770515768 0.9999999999999999 0.846317770515768 0.9999999999999999 0.8641489592823132 0.9579661805259451 0.8641489592823132
2 0.6978374375683242 0.7436569836064644 0.7035888450208103 0.7436569836064644 0.7035888450208103 0.7957072210514644 0.6978374375683242 0.7957072210514644
2 0.5297103339372319 0.652150139941203 0.5359178769130588 0.652150139941203 0.5359178769130588 0.7041980002769828 0.5297103339372319 0.7041980002769828
2 0.36831421656573154 0.7535002166042236 0.372930081855449 0.7535002166042236 0.372930081855449 0.8063837077252108 0.36831421656573154 0.8063837077252108
2 0.3656083644993455 0.6566864213466149 0.3711792364007287 0.6566864213466149 0.3711792364007287 0.7081374025501035 0.3656083644993455 0.7081374025501035
2 0.36433502235045784 0.5616632634858796 0.37038339755767385 0.5616632634858796 0.37038339755767385 0.6114429831189533 0.36433502235045784 0.6114429831189533
2 0.19418467770535539 0.5646476591473347 0.20071055621840428 0.5646476591473347 0.20071055621840428 0.6151436337391577 0.19418467770535539 0.6151436337391577
2 0.19577635539146493 0.7583946254890102 0.2024614016731247 0.7583946254890102 0.2024614016731247 0.8108006133041648 0.19577635539146493 0.8108006133041648
2 0.19927804630090576 0.8552084207466187 0.20468975043367793 0.8552084207466187 0.20468975043367793 0.9097631734380209 0.19927804630090576 0.9097631734380209
