1 0.5349998285882365 0.5719300003737646 0.5308925678496984 0.45447461221182545 0.6907559374123701 0.45133011786141036 0.694863198150908 0.5687855060233495
1 0.7415045307925301 0.5703929481777665 0.7341766934556799 0.4485101635706567 0.9052725646540057 0.44272393602080956 0.9126004019908558 0.5646067206279195
4 0.5558997965234443 0.9554198813190989 0.5333531428111472 0.455312927977737 0.6882509592890935 0.4513847873757283 0.7107976130013907 0.9514917407170903
4 0.7775518793797398 0.964684602967504 0.7401177327122728 0.4488574503057807 0.9032259235211622 0.442199170595091 0.9406600701886291 0.9580263232568142
1 0.34153460772256966 0.8141613372518666 0.34103992550945356 0.6956383440019392 0.498820242796504 0.695267920071098 0.49931492500962016 0.8137909133210253
1 0.748045955606777 0.6929567511872995 0.7438521767325251 0.5731764484643186 0.9188124156857054 0.5697307123773533 0.9230061945599572 0.6895110151003341
1 0.5384560526491771 0.6930969810687286 0.53538080083444 0.5772229309515347 0.6990844176683098 0.5747790767202896 0.702159669483047 0.6906531268374836
1 0.5405990151642317 0.8132814668037267 0.5404405301397714 0.6947247540809737 0.7087397771487228 0.6945982027310983 0.708898262173183 0.8131549154538513
4 0.34912410965264623 0.9413875862182028 0.34710758824971094 0.4602748995187612 0.49438459052827805 0.4599276725177921 0.49640111193121333 0.9410403592172337
1 0.5440071653281315 0.9521267913308746 0.544741060601466 0.8205060034135385 0.7161579386615016 0.8210436361590557 0.715424043388167 0.9526644240763918
1 0.15553072714716748 0.5802924670243269 0.15118794759781393 0.46786885266546 0.2969421663389413 0.464701810093979 0.30128494588829485 0.5771254244528459
1 0.15204247337010224 0.6897793099464926 0.15105718419350853 0.5821163635738633 0.2981226198661799 0.5813593030657497 0.2991079090427736 0.6890222494383791
4 0.15349932091584062 0.9357918706777696 0.1614144598840272 0.46463278846143435 0.30042587537987575 0.4659463909711939 0.2925107364116892 0.937105473187529
3 0.7608066410060426 0.8573896161762262 0.7353522059096153 0.6980864455299951 0.824033817800599 0.6901157696621216 0.8494882528970263 0.8494189403083527
1 0.7658351156532378 0.9606295125874498 0.7626917325910408 0.8214070187499608 0.945482909336043 0.8190855349609755 0.9486262923982399 0.9583080287984644
1 0.14833298619061058 0.8095025031026212 0.14955867612009988 0.6975397727181305 0.29830653437074955 0.6984557408942054 0.2970808444412602 0.810418471278696
3 0.3414706783467211 0.9926638042204552 0.32591606780934723 0.819121239179923 0.4015159817372461 0.8153097301137627 0.41707059227462 0.9888522951542948
0 0.5635625801629863 0.5257767715484402 0.5621190580275697 0.5038845596343776 0.6257401462196223 0.5015248562013562 0.6271836683550389 0.5234170681154187
2 0.5381861792641677 0.6647571604287034 0.5360322980914222 0.6010798078475358 0.5434041565908512 0.600939547064779 0.5455580377635967 0.6646168996459466
0 0.7796304513857906 0.5216225082792174 0.7790406076357905 0.49434766697062366 0.844133708770459 0.493555836447345 0.844723552520459 0.5208306777559387
0 0.17736440056522584 0.5350196641133318 0.17668520134647583 0.5132906602070818 0.2286805213097742 0.5123764540507306 0.22935972052852419 0.5341054579569807
2 0.5346506810151419 0.5465760501793884 0.5321166613070852 0.48644339233968714 0.5399135335134162 0.48625857507807285 0.5424475532214729 0.5463912329177741
2 0.7648708232801741 0.9192766383929701 0.7630635820723529 0.8493440693855419 0.7730688159966613 0.8491986285329401 0.7748760572044826 0.9191311975403683
2 0.15432937743265182 0.5550390448627144 0.15492600072691118 0.4978539716140004 0.16222055733254231 0.49789678099512985 0.16162393403828298 0.5550818542438438
0 0.00660682766805796 0.5388229360596306 0.005132960887459004 0.5181390981690056 0.05248150037556184 0.5162412729247444 0.0539553671561608 0.5369251108153694
2 0.15113766648140753 0.606919076879967 0.15796750272182097 0.606919076879967 0.15796750272182097 0.666239509387429 0.15113766648140753 0.666239509387429
2 0.14827354160639541 0.7204375647145812 0.15532369514488673 0.7204375647145812 0.15532369514488673 0.7815756149311854 0.14827354160639541 0.7815756149311854
2 0.3408308601264395 0.7207680406616979 0.34655910987646366 0.7207680406616979 0.34655910987646366 0.7842194225081198 0.3408308601264395 0.7842194225081198
2 0.5394360431528542 0.7214863813676489 0.5486380411227278 0.7214863813676489 0.5486380411227278 0.7882630423111903 0.5394360431528542 0.7882630423111903
2 0.5434152855182051 0.8470190428620719 0.5518711755445752 0.8470190428620719 0.5518711755445752 0.9145418117491164 0.5434152855182051 0.9145418117491164
2 0.7446157276162498 0.5985650976754875 0.7570508600079708 0.5985650976754875 0.7570508600079708 0.6634764887602708 0.7446157276162498 0.6634764887602708
2 0.7369059455333827 0.480680042601973 0.7490923752772694 0.480680042601973 0.7490923752772694 0.5422339479409916 0.7369059455333827 0.5422339479409916
