1 0.7074097902785678 0.5650395968002749 0.6956101925300474 0.45681150902607864 0.8413060517670121 0.447876459728922 0.8531056495155325 0.5561045475031183
1 0.3314790314701162 0.7997074221221819 0.33113462259386867 0.6816989230472857 0.487787611184138 0.6814417518892456 0.4881320200603856 0.7994502509641418
1 0.13275776445543555 0.8043040933261507 0.13357067370586434 0.6881107672034121 0.2875848289965763 0.6887168668722761 0.2867719197461474 0.8049101929950147
1 0.5305682764662697 0.7959898789821521 0.5249516144464511 0.6792025245434462 0.6849780634977757 0.6748734330367846 0.6905947255175944 0.7916607874754905
4 0.33541270931687595 0.9316698855249607 0.3407904992471121 0.4659416546414923 0.4906133346499967 0.4669147867627438 0.4852355447197605 0.9326430176462123
1 0.7201753229438088 0.673824272188614 0.7101359349229753 0.5649313278526764 0.8632816314962974 0.5569892374990679 0.8733210195171309 0.6658821818350055
1 0.14014971730711367 0.6856443696556611 0.14413477290713883 0.5755175951298307 0.2937256687891934 0.5785624679362104 0.2897406131891682 0.6886892424620408
1 0.5209901999920319 0.5679442197825986 0.5127021406870966 0.4630760146704259 0.656435632994424 0.4566861814962116 0.6647236922993591 0.5615543866083842
1 0.5387015634225336 0.933882089576678 0.5317072488601869 0.801576269976504 0.6968829058797813 0.7966645366148511 0.703877220442128 0.928970356215025
4 0.12748435216428863 0.9368423017722801 0.15999951592121978 0.4667458667883829 0.3067900754357625 0.47245696515678914 0.27427491167883133 0.9425534001406864
1 0.75406527785154 0.9316758956618446 0.739192542166267 0.7977601011621723 0.9024047885628993 0.7875639955175145 0.9172775242481724 0.9214797900171868
1 0.5241661054802566 0.6770327628434561 0.5194969160271316 0.5679984610856436 0.671291812619292 0.5643420244935462 0.6759610020724172 0.6733763262513587
4 0.7633142903023598 0.9347098429914805 0.6988728496370986 0.4565344178419865 0.8522948022197934 0.4449041954111786 0.9167362428850545 0.9230796205606725
1 0.1514265651394927 0.5759940522358248 0.15161318145590663 0.4704522669088344 0.29636614608235673 0.47059623795824157 0.2961795297659428 0.576138023285232
3 0.7314774064537093 0.8029495820542365 0.7159728192986307 0.6705052514854335 0.7918611511617346 0.6655080786858567 0.8073657383168132 0.7979524092546597
0 0.0011325563263693667 0.5398811181165768 0.0008584983022807932 0.5205256493665767 0.05133602007963317 0.5201236185164045 0.051610078103721736 0.5394790872664046
3 0.32303693643761977 0.9602879101570607 0.3231312560990781 0.8045541455086233 0.40729287720170315 0.8045828173820017 0.4071985575402448 0.9603165820304391
4 0.5434682306173173 0.9328239293402513 0.5195239904898447 0.46209977600074503 0.6745698563549369 0.4576635129114213 0.6985140964824095 0.9283876662509276
0 0.74110401314721 0.5168789904465209 0.73903663033471 0.49713243893284903 0.7898544950011427 0.4941397017606162 0.7919218778136426 0.5138862532742882
2 0.15081801500231695 0.5545656603463801 0.1537334904035184 0.5004327278030194 0.16150070469467595 0.5006680352330809 0.15858522929347452 0.5548009677764416
0 0.5475336908197069 0.5215103737920646 0.546430907616582 0.5030587746709708 0.5977206223313347 0.501334490099537 0.5988234055344597 0.5197860892206309
0 0.17916497704390374 0.5332355036138282 0.17860735985640375 0.5156269831060157 0.22887673031286707 0.5147315374017967 0.22943434750036706 0.5323400579096091
2 0.5367824602698446 0.8965760838190601 0.5329739479000529 0.8273364597956225 0.5398705619216314 0.8271230771393475 0.543679074291423 0.896362701162785
2 0.5177940336328752 0.5433556218905075 0.5147762845818848 0.4889173057773569 0.5223969738816553 0.4886796790859262 0.5254147229326457 0.5431179951990768
2 0.33053178153502594 0.7743242375949912 0.3320034576738975 0.708973909585556 0.33874561896420685 0.7090593151448875 0.33727394282533535 0.7744096431543228
2 0.7496646428167376 0.8928539927669167 0.7430304387803749 0.8221715973399173 0.7524256159071192 0.8216755706288454 0.7590598199434819 0.8923579660558448
2 0.7179550654317849 0.6458738319691932 0.7116663395746287 0.5870494237800375 0.7199804703212036 0.5865494531730886 0.7262691961783598 0.6453738613622444
2 0.14191430733559562 0.6624154370151678 0.1471022195722776 0.6032578511868103 0.15207062702213892 0.6035029391085507 0.14688271478545697 0.6626605249369081
2 0.523203083394497 0.650560047136598 0.5205863130976927 0.5923996966457354 0.5263298607469243 0.592254337841542 0.5289466310437286 0.6504146883324046
2 0.13195674428361626 0.778371914894603 0.1341089252731995 0.7145799227071031 0.143824298198749 0.7147642945633902 0.14167211720916573 0.7785562867508901
2 0.5264731103202482 0.7045814824028959 0.5356467410080493 0.7045814824028959 0.5356467410080493 0.7691856103822413 0.5264731103202482 0.7691856103822413
2 0.697781262390941 0.4833411671195787 0.7105860753360941 0.4833411671195787 0.7105860753360941 0.5375590143367146 0.697781262390941 0.5375590143367146
