4 0.557466294532957 0.16343193082949653 0.5548070523792001 0.11087222071353067 0.8760414891352538 0.10173004534030089 0.8787007312890109 0.15428975545626675
1 0.6391191595503074 0.1644479577224332 0.6358268418419741 0.10632136317897618 0.7139452121944843 0.10383249119114102 0.7172375299028176 0.16195908573459805
1 0.7174803062693039 0.16206680744214913 0.7137947593943039 0.10325487964673898 0.7926100257619462 0.10047664195970633 0.7962955726369462 0.1592885697551165
1 0.5581947022063617 0.16504652503828016 0.5548564809275713 0.10796742303842188 0.6350148466971394 0.10533042764936153 0.6383530679759297 0.16240952964921979
0 0.8268190101459797 0.13544448300793016 0.8254280596251463 0.10709226438000047 0.8493929039165204 0.10643092897937452 0.8507838544373538 0.1347831476073042
2 0.5767902616705325 0.11045679511791312 0.5766153819024926 0.10792933268698728 0.6183232083031659 0.10630604705832757 0.6184980880712059 0.1088335094892534
2 0.6539958291336844 0.10817828000411285 0.6538655215168915 0.10568183269167986 0.6960199976554295 0.10444413773666592 0.6961503052722225 0.1069405850490989
2 0.8116662696613605 0.10330807511406694 0.8117742445297723 0.09847753359624745 0.855040528839235 0.09902153371041436 0.8549325539708231 0.10385207522823386
1 0.794489507939785 0.09906495096272132 0.8761954420250675 0.09906495096272132 0.8761954420250675 0.16133277976158505 0.794489507939785 0.16133277976158505
2 0.7322255857147012 0.10194151459197216 0.7748563127366033 0.10194151459197216 0.7748563127366033 0.10566224372554053 0.7322255857147012 0.10566224372554053
