1 0.8286622360309814 0.3520970669529234 0.8259564682639152 0.2935285481670253 0.9146312602645806 0.2912241953014801 0.9173370280316469 0.3497927140873782
1 0.7437166345092346 0.34799666895466996 0.7428446819407684 0.29080054569548014 0.8287027540681317 0.29006428786426547 0.8295747066365979 0.3472604111234553
4 0.6470077905774667 0.3462587874803713 0.6477310978691334 0.2910096419725593 0.9997295734608741 0.29360179470564485 0.9990062661692074 0.3488509402134569
1 0.6525178218263153 0.3485608409679283 0.6501938120103447 0.2899306847850465 0.7417538714827141 0.2878892030445022 0.7440778812986847 0.34651935922738397
0 0.9473725095930459 0.33002143010507695 0.9441482879699964 0.30128777511240545 0.97014282345074 0.2996470395129062 0.9733670450737893 0.3283806945055778
2 0.6712507835978844 0.29195566694413616 0.6712765877459481 0.28955311893630775 0.7178651291070167 0.2898345804965689 0.7178393249589531 0.2922371285043973
2 0.841484838083374 0.2961494565167171 0.8414338204275355 0.29288156675617033 0.8869432912064149 0.29248191896758474 0.8869943088622534 0.2957498087281315
2 0.7572630944361722 0.2932125068020282 0.757322791755412 0.2908645671795345 0.8036367218024612 0.29152693933358703 0.8035770244832213 0.2938748789560808
1 0.9093348030212682 0.2945279096511384 0.9999999999999951 0.2945279096511384 0.9999999999999951 0.35276959670305325 0.9093348030212682 0.35276959670305325
2 0.9235626689184366 0.2952526123572115 0.9679286699287267 0.2952526123572115 0.9679286699287267 0.29806454199870946 0.9235626689184366 0.29806454199870946
