4 0.051981701929955736 0.06700221151991126 0.17754568190912262 0.06700221151991126 0.17754568190912262 0.45709389472416173 0.051981701929955736 0.45709389472416173
0 0.09459971193034819 0.3943060466033295 0.1589183350730813 0.3943060466033295 0.1589183350730813 0.4184542846099446 0.09459971193034819 0.4184542846099446
1 0.04613642406130707 0.35948163506062436 0.1829321395262297 0.35948163506062436 0.1829321395262297 0.4549159559166325 0.04613642406130707 0.4549159559166325
1 0.05120114719435316 0.2653826902544533 0.18277618824030067 0.2653826902544533 0.18277618824030067 0.3557289005654183 0.05120114719435316 0.3557289005654183
1 0.04770784926945967 0.16851420876883746 0.18215943878626584 0.16851420876883746 0.18215943878626584 0.2616562529570431 0.04770784926945967 0.2616562529570431
1 0.04696946520327105 0.06791203602843801 0.18255142661477555 0.06791203602843801 0.18255142661477555 0.1659147550878646 0.04696946520327105 0.1659147550878646
2 0.17801297928586401 0.37966228715205846 0.18352647822876705 0.37966228715205846 0.18352647822876705 0.4323851207935688 0.17801297928586401 0.4323851207935688
2 0.17658340224776173 0.28345841491977697 0.1824604478371018 0.28345841491977697 0.1824604478371018 0.33572214176783644 0.17658340224776173 0.33572214176783644
2 0.17715094562153547 0.18811793248021424 0.18260820224020843 0.18811793248021424 0.18260820224020843 0.24164102624027503 0.17715094562153547 0.24164102624027503
2 0.17652126216553435 0.09429509753610739 0.182608202240208 0.09429509753610739 0.182608202240208 0.14703108697616746 0.17652126216553435 0.14703108697616746
