1 0.4194649657545599 0.4180436797479327 0.41917460117122657 0.32342600396668275 0.5468624268235651 0.3232055878301923 0.5471527914068984 0.41782326361144234
1 0.43663183595247756 0.5844698536362622 0.4363936360826859 0.5048985645737623 0.554709879542314 0.5046993358168628 0.5549480794121057 0.5842706248793628
1 0.4275421955756273 0.5038631638388077 0.4273378498725023 0.41916083229583895 0.551075561585831 0.4189929152627547 0.551279907288956 0.5036952468057234
4 0.4489363780886117 0.667888470700743 0.42909379115250107 0.32830718149372 0.5369878325067878 0.32476088921563606 0.5568304194428985 0.664342178422659
2 0.5432992363771268 0.482527791765324 0.5432717643726239 0.4365446035165901 0.5502866560584478 0.43654224610852166 0.5503141280629508 0.48252543435725564
2 0.5526573538403824 0.6433668556526199 0.5524975224861977 0.601890505076418 0.5581965134090136 0.6018781518063975 0.5583563447631984 0.6433545023825993
0 0.48799051920145 0.6387570179882253 0.48791158039936666 0.6192997425976002 0.5402246500693834 0.6191803599414621 0.5403035888714667 0.6386376353320872
1 0.44347517908852085 0.6662590681428037 0.44335489914060416 0.5855672956818662 0.5580154621875208 0.5854711564665713 0.5581357421354375 0.6661629289275088
2 0.5478077677256485 0.5649759456974176 0.5477342880429551 0.5211485673501973 0.5545516722632161 0.5211421380740894 0.5546251519459096 0.5649695164213097
2 0.5391335348026687 0.39649128696418307 0.5390607887344924 0.3475693575729022 0.5457770047380693 0.34756373994290957 0.5458497508062456 0.39648566933419044
