1 0.6592815552087222 0.464883372777856 0.6594493611983056 0.3652753405512935 0.8107222289709652 0.3654186902104252 0.8105544229813819 0.4650267224369877
1 0.6637534586787698 0.2507375111739759 0.6641227620641864 0.11840514423061654 0.8357342935998758 0.11867453716586786 0.8353649902144592 0.2510069041092272
4 0.6552532526748966 0.5558217132895267 0.6814707005915633 0.11334072574069859 0.82162923430427 0.11801202694484833 0.7954117863876035 0.5604930144936764
1 0.6588257649409647 0.5588819130076623 0.6590142415034647 0.4672727821482873 0.8003293457361186 0.46743632429702514 0.8001408691736186 0.5590454551564
1 0.661588846889623 0.36321461022652257 0.6618504028792064 0.2528895980194913 0.8226192829931895 0.2531039932891025 0.8223577270036062 0.3634290054961338
2 0.6590374165802725 0.4438832405887051 0.6592924936545711 0.39020956091023185 0.6662155172063486 0.3902280675850015 0.66596044013205 0.44390174726347476
2 0.6643948796353203 0.22456120158616868 0.6643016179165703 0.1583479752678093 0.6730014882157167 0.1583410824949082 0.6730947499344667 0.22455430881326757
2 0.6611280228609622 0.3416432907640651 0.6613161491397436 0.28088368824973464 0.6686780890405958 0.280896510059691 0.6684899627618145 0.34165611257402145
2 0.6581594234239435 0.5356183094075174 0.6582555432311542 0.48763605924249 0.6640011263648432 0.4876425334843594 0.6639050065576325 0.5356247836493869
0 0.690856122643388 0.20267638389074386 0.6905897620075966 0.16918998743093394 0.7687917546195762 0.16884008901682057 0.7690581152553676 0.20232648547663049
