1 0.159684359052586 0.8138261374565227 0.15876065553168625 0.7543999266859781 0.23211174030164633 0.7537585936261764 0.2330354438225461 0.8131848043967209
1 0.30971691914174565 0.8111995368101894 0.30880792097752724 0.751577860283578 0.3896461367304938 0.7508845972100713 0.39055513489471216 0.8105062737366828
1 0.235253682276733 0.8135058944840492 0.233351317666995 0.7546284207285212 0.30811206020988235 0.753269667079145 0.3100144248196204 0.8121471408346731
1 0.07807310254634803 0.8142238303203413 0.07711930615962928 0.7547786398906539 0.1581258313729228 0.7540475319843462 0.15907962775964155 0.8134927224140337
4 0.08028485451189342 0.8112942663026097 0.07916915978120154 0.7580310800499365 0.38919454866088327 0.7543781780013995 0.3903102433915751 0.8076413642540727
2 0.2519643522751858 0.812815541722471 0.2519008274929951 0.8102527278037845 0.2935709706382866 0.8096717311517566 0.2936344954204772 0.812234545070443
2 0.10106436298615745 0.8137996001021842 0.10113112662884426 0.810924903399704 0.14128094257864204 0.8114494137696439 0.14121417893595525 0.814324110472124
0 0.10604310097173006 0.8053598118471897 0.10610049436365715 0.7792445774721897 0.12613040163243663 0.7792693385434352 0.12607300824050954 0.8053845729184352
2 0.17504101146545195 0.813278535282496 0.1750261367217962 0.8111148468315876 0.2178091361366266 0.8109494037851411 0.21782401088028233 0.8131130922360496
2 0.3280871022198761 0.8116212941638978 0.32809414610133875 0.8082825921822863 0.36866975000308183 0.8083307450219154 0.3686627061216192 0.811669447003527
