1 0.3801845295155879 0.6730411092384678 0.3805447183176712 0.5631657430275304 0.5369153097534431 0.5634540847423146 0.5365551209513598 0.673329450953252
1 0.37302095539827984 0.8059399980944724 0.37286153157015484 0.6767896074694724 0.5437309977267203 0.6766709638195902 0.5438904215548452 0.8058213544445902
1 0.3908226725289758 0.46238439776713164 0.39098635589041647 0.37051795240920116 0.5308150930454373 0.37065809385224197 0.5306514096839965 0.46252453921017245
1 0.3850026448684878 0.5613917085063231 0.3850783284622378 0.46361521924851573 0.5318867137308241 0.4636791398267568 0.5318110301370741 0.5614556290845641
2 0.38425760975860807 0.5390220429409759 0.38428210520131645 0.48485526437652277 0.39288739680604295 0.484857453349517 0.3928629013633346 0.5390242319139702
2 0.38911950092223113 0.44235875128622987 0.3892144716253561 0.3925096301924799 0.3973372648264173 0.39251833501801453 0.3972422941232923 0.4423674561117645
2 0.379229007145966 0.646945174085296 0.3791754591785587 0.5870622354788263 0.3877678344431265 0.5870579135695189 0.38782138241053377 0.6469408521759885
4 0.3870118407185032 0.8068808072826347 0.3919782769556367 0.3706306519511389 0.5318174698675883 0.3715261418780558 0.5268510336304547 0.8077762972095516
2 0.37288971514298963 0.7705035425118267 0.3730383154034063 0.7025219751290142 0.3824920563237183 0.7025335991027534 0.38234345606330167 0.7705151664855658
0 0.4110568264877976 0.3994288930696199 0.4776180387875904 0.3994288930696199 0.4776180387875904 0.42528079227272464 0.4110568264877976 0.42528079227272464
