0 0.7825418077409267 0.40184215269982815 0.8551382459700108 0.40184215269982815 0.8551382459700108 0.4298784378916025 0.7825418077409267 0.4298784378916025
1 0.7256935387849811 0.25317195802927034 0.8757691762753856 0.25317195802927034 0.8757691762753856 0.3630588430370688 0.7256935387849811 0.3630588430370688
1 0.715494126081467 0.014139878097512392 0.8730355480006275 0.014139878097512392 0.8730355480006275 0.14604165013480402 0.715494126081467 0.14604165013480402
1 0.7258792966604233 0.36175349390717587 0.8753219991922379 0.36175349390717587 0.8753219991922379 0.46897494420409236 0.7258792966604233 0.46897494420409236
1 0.7149262130260469 0.14160827566337494 0.8728243595157025 0.14160827566337494 0.8728243595157025 0.2551920887466606 0.7149262130260469 0.2551920887466606
4 0.7285755167952732 0.01537461217356407 0.8644430102732565 0.014551608708450858 0.8693435271066755 0.4696217195998826 0.7334760336286922 0.4704447230649958
2 0.8657548867145459 0.0475048621876321 0.8735381692198642 0.0475048621876321 0.8735381692198642 0.11252211001223027 0.8657548867145459 0.11252211001223027
2 0.8666282486094014 0.1658644340788511 0.8738747530109046 0.1658644340788511 0.8738747530109046 0.22544680360232175 0.8666282486094014 0.22544680360232175
2 0.867970193868939 0.2749645836792604 0.8746799201666271 0.2749645836792604 0.8746799201666271 0.3331379106802167 0.867970193868939 0.3331379106802167
2 0.8671650267132166 0.3812466482346409 0.8757534763742574 0.3812466482346409 0.8757534763742574 0.437809640924152 0.8671650267132166 0.437809640924152
