1 0.2939628207645123 0.3243309946299979 0.28945395032180404 0.2161424570323417 0.4449407454092029 0.21249741496531951 0.44944961585191123 0.3206859525629757
1 0.2981015925426278 0.5546830447599412 0.2922943534753598 0.4334600171670782 0.45964131632351524 0.4289505530012951 0.4654485553907833 0.5501735805941581
1 0.0913193033752818 0.326821559749721 0.08665010027020399 0.2278083262943013 0.24497804617457344 0.2236085164573092 0.24964724927965123 0.32262174991272896
4 0.3034048630002187 0.5550470200978282 0.28481350274323836 0.11782481822276668 0.43786397096773544 0.11416410128345568 0.45645533122471577 0.5513863031585173
4 0.08414742001691437 0.5637765905138682 0.08443360519659025 0.12072699969249191 0.24260158811127946 0.12078446899191185 0.24231540293160359 0.5638340598132882
1 0.09659051863136561 0.22331000746133836 0.09493771072258766 0.12209929838608025 0.24616462460803254 0.12071015354276086 0.2478174325168105 0.22192086261801897
1 0.29178402734533027 0.21710047118090497 0.2884299414075585 0.11726858096386163 0.43882646598122127 0.11442631169775459 0.442180551918993 0.21425820191479794
1 0.07787684791518876 0.56423354991624 0.07640026219450294 0.4398260491424233 0.2487243570391984 0.43867556501478033 0.2502009427598842 0.5630830657885971
1 0.08260593117337747 0.4384573559949165 0.08214947321739241 0.32738150906025004 0.2484271799156129 0.3269971494886267 0.24888363787159792 0.43807299642329317
0 0.1255604115665303 0.17973548801352493 0.12438189680118338 0.15967377942967545 0.1779651694423064 0.15790318590235589 0.1791436842076533 0.17796489448620537
3 0.2544111727538072 0.4299471001982436 0.24502859670703625 0.2690725457452168 0.3006837902619233 0.2672467047237306 0.3100663663086943 0.4281212591767575
0 0.32354854327554045 0.17142826625913224 0.3233642171036654 0.150038800927101 0.37782067872966796 0.14977482822328964 0.37800500490154293 0.17116429355532087
2 0.08299046605756386 0.41521670676993294 0.08478288254294047 0.3547821108042761 0.09249606256973948 0.35491079028550315 0.09070364608436286 0.41534538625116
2 0.296320007149162 0.40898782887191276 0.2946130165892663 0.34524210133285027 0.3024991798791314 0.3451233144928498 0.30420617043902715 0.40886904203191227
2 0.08878488871050184 0.30526366954783024 0.09256482040543386 0.24936108822797648 0.0980918984610354 0.24957130638032432 0.09431196676610339 0.30547388770017814
2 0.07711561813980343 0.5330221646938933 0.07949458542495967 0.4680652860317841 0.08702383265461043 0.46822039517773895 0.08464486536945419 0.5331772738398481
2 0.29295542748647674 0.29821710524164535 0.28988560367466487 0.24054648869293202 0.2972425402330107 0.2403262070059317 0.30031236404482253 0.297996823554645
2 0.2905689497194966 0.19589672368408043 0.29018292270126744 0.14239550298095566 0.2971422322166585 0.1423672579087023 0.2975282592348877 0.19586847861182707
2 0.09570133286668145 0.20452619683442383 0.09786130601121272 0.15033607232270504 0.10461663899198927 0.15048753216152586 0.102456665847458 0.20467765667324467
2 0.2956632815510129 0.5239148085480166 0.29395629099111714 0.4601690810089541 0.3018424542809822 0.4600502941689536 0.30354944484087804 0.5237960217080161
