1 0.6731491075290602 0.22507944452423653 0.668350063917865 0.14289780786429396 0.776958587140996 0.13933028844472728 0.7817576307521913 0.22151192510466985
1 0.5618461926351122 0.22956083884938014 0.555964218569404 0.146676964279285 0.664086042283554 0.1423608896078688 0.6699680163492621 0.22524476417796394
0 0.8291319174566033 0.18657925451472035 0.8252406410005257 0.14743508633979155 0.8531294761869739 0.14587561312309913 0.8570207526430514 0.18501978129802793
1 0.44453834275115706 0.2340430947772213 0.43930966436574054 0.15014587798034626 0.5540726051669275 0.14612270625135929 0.559301283552344 0.23001992304823432
4 0.4447238974211208 0.2305558836286835 0.4404180460262602 0.15317493225679907 0.8901944636180302 0.13909682790218275 0.8945003150128908 0.2164777792740672
2 0.6908558573296264 0.14613110322347672 0.6905856558208535 0.14203009916768392 0.7496872752890706 0.13983971909847162 0.7499574767978435 0.14394072315426443
1 0.783762940449304 0.22083521925956576 0.7780695810743039 0.1397857502654251 0.890689207988196 0.13533580124824676 0.8963825673631959 0.21638527024238738
2 0.5792778960842266 0.1497071889604898 0.5790065522043605 0.14563601680163318 0.6394053162084954 0.14337162725790023 0.6396766600883615 0.14744279941675684
2 0.46801409934757193 0.15319255455369846 0.4678061339313175 0.14917426894610264 0.527368274994132 0.14744029269324682 0.5275762404103864 0.1514585783008426
2 0.8008570770139515 0.1425695881066919 0.8006574273997425 0.13908297074750425 0.8604761434188343 0.13715622769850833 0.8606757930330432 0.14064284505769598
