1 0.14573727861161745 0.7877190481346814 0.13764535966630495 0.6993247610253064 0.24471845055504926 0.6938112253028186 0.2528103695003618 0.7822055124121936
1 0.030172361496128636 0.7956372778954894 0.023351825200555728 0.7071958716454895 0.13592367732223076 0.7023125512060729 0.14274421361780368 0.7907539574560729
1 0.36267053059810433 0.7700338576973371 0.3543187239574794 0.6837983840645246 0.4636419694018957 0.6778427292167255 0.47199377604252074 0.764078202849538
1 0.25233958648522364 0.7798288912170567 0.2426803254175153 0.6906850923889317 0.35374999277909924 0.6839153714782558 0.3634092538468076 0.7730591703063808
2 0.05933321481747286 0.7948915855601009 0.05904177592137981 0.7890467907870151 0.11939122911831532 0.7873541137093621 0.11968266801440837 0.793198908482448
4 0.036023311016653195 0.7932825005504877 0.024953224628793805 0.7164644616769594 0.4618470769288982 0.6810495425187415 0.4729171633167576 0.7578675813922697
2 0.3874351754123146 0.7685962826259911 0.38696005009142914 0.764292517409575 0.44395635020431473 0.760753124340831 0.4444314755252002 0.765056889557247
0 0.0681737192954292 0.7815628225116985 0.06692373964048129 0.740295610597636 0.09503235573712289 0.7398166940898641 0.0962823353920708 0.7810839060039266
2 0.2742495116832153 0.7777669884743826 0.27379161219669373 0.7743208561199941 0.3376624634467503 0.7695470647567455 0.3381203629332719 0.772993197111134
2 0.17011706196729384 0.7863795708949604 0.16965985684273138 0.7817521015394402 0.22814584406729052 0.7785016635141137 0.22860304919185295 0.7831291328696337
