1 0.17018618364103005 0.5837549823869107 0.12031319504818763 0.5285591880700538 0.1989712236936631 0.48858082657834445 0.2488442122865055 0.5437766208952013
1 0.2728716367476847 0.4538887854092499 0.3483145317222123 0.4079762081517986 0.4046318051018432 0.4600298140911104 0.3291889101273157 0.5059423913485617
1 0.09017337657324259 0.6251217178482228 0.039886388765283054 0.5675639844765381 0.12133357939470736 0.5275372118125459 0.17162056720266688 0.5850949451842306
1 0.2503796459309628 0.5441947410987464 0.19974691010755294 0.4888974103226453 0.27486181385077757 0.4502094469771823 0.32549454967418745 0.5055067777532835
4 0.0857224462485202 0.6236104380022853 0.040479051250051856 0.573518224438977 0.35756789421106694 0.41242085425831543 0.40281128920953524 0.4625130678216237
0 0.10772208486914332 0.6005279132103682 0.0845643903704454 0.5736474200463058 0.10611609312971736 0.5632035321021317 0.12927378762841527 0.5900840252661942
4 0.14624388380571735 0.22226297160049366 0.1385277164559394 0.17101135164589806 0.46934897378433155 0.1429951034765214 0.4770651411341095 0.194246723431117
2 0.24605655877346191 0.2153536311074305 0.24561742538863593 0.21240437218184433 0.29060077248308375 0.20863683240068265 0.29103990586790973 0.2115860913262688
3 0.38725919598514935 0.20701704419001307 0.377260335308066 0.15027043164118495 0.469403727191934 0.1411377714838151 0.47940258786901735 0.19788438403264322
2 0.2690345442498288 0.5346582793952096 0.2666316900170678 0.5320197717685504 0.30735157208440644 0.5111605495905028 0.30975442631716743 0.5137990572171619
2 0.11407013181175377 0.6146068559409021 0.1114678319572942 0.6116339543926133 0.15166520496016725 0.5918416204987871 0.1542675048146268 0.594814522047076
3 0.11123612524260583 0.22218657120336593 0.11123612524260582 0.17008287348023315 0.2240588409231347 0.17008287348023313 0.22405884092313472 0.2221865712033659
2 0.4091810168775635 0.20151457356267702 0.40893153458689896 0.19888539161865265 0.4532394047023745 0.1965204387907398 0.453488886993039 0.19914962073476417
2 0.34186577892905573 0.49330031704583605 0.37781854857707986 0.4699470145908214 0.383147530016559 0.4745617922616969 0.34719476036853486 0.49791509471671164
3 0.22083003492080797 0.22194705891991917 0.2044281565568304 0.15491888639179305 0.29101897332523313 0.14300014021896953 0.3074208516892107 0.21002831274709563
2 0.19478014101270483 0.5725071800889023 0.19217784115824527 0.5695342785406136 0.23237521416111834 0.5497419446467873 0.2349775140155779 0.5527148461950762
0 0.1569685146058501 0.19713300781984583 0.18895742887044942 0.19713300781984583 0.18895742887044942 0.21763499378033904 0.1569685146058501 0.21763499378033904
3 0.29450023030401085 0.1642812438452701 0.3888992078900191 0.1642812438452701 0.3888992078900191 0.20907259545495754 0.29450023030401085 0.20907259545495754
