4 0.4218279383485421 0.6930533851986125 0.41707353173152173 0.28445775011798885 0.5391653485676398 0.28365863070320113 0.5439197551846601 0.6922542657838248
1 0.41386918132606254 0.6933595543317413 0.41418745932085416 0.5837546959333039 0.5545874505018656 0.5839840288609413 0.554269172507074 0.6935888872593788
1 0.4125735270719841 0.48440193308041235 0.412245402071984 0.3832247480218188 0.5461313043055794 0.38298050953267426 0.5464594293055794 0.48415769459126784
1 0.4104866943709079 0.3855646871375919 0.4103106689802828 0.2829503682899356 0.5421971176644708 0.28282310883727313 0.5423731430550959 0.38543742768492945
1 0.4127157796059737 0.5847107017917553 0.4129133707518071 0.48324948963355224 0.5516588142646266 0.48340147741983125 0.5514612231187931 0.5848626895780344
0 0.46277461751254145 0.6528305072780302 0.4627812906896248 0.6262798480983427 0.5292388916020418 0.6262892436985323 0.5292322184249586 0.6528399028782198
2 0.5381362284709625 0.4613810928790769 0.5381093730022126 0.4033057144611071 0.5469883506036683 0.40330340491745015 0.5470152060724183 0.46137878333542
2 0.5389287469346846 0.5621365213757694 0.5389653494686042 0.5049316313580452 0.5497853281513615 0.5049355256358438 0.5497487256174419 0.5621404156535681
2 0.5424319131026946 0.6620604670809699 0.5423808063318614 0.6072519954012823 0.5527698937144626 0.6072465462272931 0.5528210004852958 0.6620550179069806
2 0.5335132732564178 0.36187659603100086 0.5333283899161574 0.3078600871428657 0.5426298222937841 0.30784217928550045 0.5428147056340445 0.3618586881736356
