1 0.648627991589424 0.46733974057741046 0.6450910549608037 0.41082156352135846 0.7359550577827252 0.40762301071841833 0.7394919944113456 0.46414118777447033
1 0.20383029633221703 0.4813013455149793 0.2046698552514879 0.423080337214198 0.2926994642173547 0.4237943775684855 0.29185990529808387 0.48201538586926673
1 0.4259484124722885 0.4735728421410017 0.4242900611918868 0.41719631477723623 0.5125925302045184 0.41573523616596003 0.5142508814849202 0.4721117635297255
1 0.09580258686238909 0.48214132723253217 0.09768348692749328 0.4259319766465947 0.18519705753120858 0.4275792098364148 0.1833161574661044 0.48378856042235224
3 0.007041603300187394 0.5423127088842766 0.016829690013604563 0.4728509295503783 0.09964418849135476 0.4794151144697811 0.08985610177793758 0.5488768938036794
4 0.3133845070568772 0.6082509129200586 0.3193132726922481 0.3586986636465984 0.4058620444335929 0.35985527174835813 0.399933278798222 0.6094075210218183
4 0.6700500499306802 0.6015284962413262 0.6424159224190982 0.3502606442400255 0.7296582183017308 0.3448635693688781 0.7572923458133127 0.5961314213701788
4 0.4328883873764823 0.6054135991185289 0.42516985924988643 0.35589028275672524 0.5103223159409999 0.35440864148808054 0.5180408440675958 0.6039319578498842
4 0.7914094352742417 0.6007266386802415 0.7515362955300123 0.3465680646462516 0.8353175654075481 0.33917464878121106 0.8751907051517773 0.5933332228152008
1 0.6646321984469009 0.600663257666816 0.6584054308952423 0.5330622200310423 0.7529870805186022 0.5281617391110305 0.7592138480702609 0.5957627767468042
1 0.42683381310026614 0.5362922001498606 0.42479214643359947 0.47443386274751687 0.5156156003284214 0.47274767031635107 0.5176572669950881 0.5346060077186947
1 0.7627792321979829 0.46352526822207785 0.7586660603898397 0.40670757634630267 0.849035182260763 0.4030276777429665 0.8531483540689061 0.4598453696187416
4 0.08451876430067498 0.6139107672684713 0.11086959437879974 0.3642596442215962 0.18984033233278494 0.3689483124128689 0.16348950225466016 0.6185994354597439
1 0.7859658143321049 0.5997495844040208 0.7774559571221945 0.5294761794426835 0.8720796669996564 0.523030721572144 0.8805895242095668 0.5933041265334812
1 0.3124600264539904 0.47686592978196934 0.31334676291565083 0.4184528108977036 0.40181538911892023 0.4192082439478823 0.40092865265725974 0.477621362832148
1 0.1985408875520503 0.542846907403032 0.20085806691402944 0.48229124334053197 0.2916053837319766 0.4842445084855733 0.2892882043699974 0.5448001725480733
1 0.20877020272046282 0.42286108820960694 0.20759485740814848 0.3635603108647738 0.29310340216253555 0.3626069943088423 0.2942787474748499 0.42190777165367543
1 0.10216498611359391 0.4237697270538383 0.10515990440532723 0.3657173367489711 0.18995353115328237 0.36817799108413923 0.18695861286154908 0.4262303813890065
1 0.5400202229381499 0.5292623032676683 0.5399216715058582 0.4708795823204027 0.6325430973920831 0.47079163702778776 0.6326416488243748 0.5291743579750534
1 0.3157956811585651 0.41847380966394854 0.3155491437260263 0.3593022307237854 0.40149277719087423 0.359100809167131 0.401739314623413 0.4182723881072941
4 0.198049782290214 0.6121783372148129 0.21226590211736535 0.3604557480220013 0.29739248761707293 0.363159996698686 0.2831763677899216 0.6148825858914975
1 0.31194420362485753 0.5406046728873032 0.3101639726488545 0.4792519595191753 0.40124323711137866 0.4777653920648825 0.4030234680873817 0.5391181054330104
1 0.6444534456461493 0.40959018449599865 0.6387735059196809 0.3509800641762948 0.7255650956037839 0.3462488644285705 0.7312450353302523 0.4048589847482744
3 0.7678889977025121 0.5262193026028427 0.7604385033393113 0.4463770371653436 0.8095382769920096 0.4437998007672215 0.8169887713552104 0.5236420662047205
1 0.6560013376787039 0.5304429222068611 0.6525068968037836 0.4694365550673563 0.7447367846982564 0.46646491134050466 0.7482312255731768 0.5274712784800094
4 0.5500545839268671 0.6018185804678589 0.5340780072162783 0.35425935352257465 0.6213595665848536 0.3510908832657529 0.6373361432954424 0.5986501102110371
1 0.7544567576213949 0.40528091258645643 0.7500102035673664 0.34631927948918945 0.8366742653755391 0.34264293974909105 0.8411208194295677 0.40160457284635803
1 0.4242098424280638 0.41575058049651015 0.42411992252461295 0.3548700543201071 0.5104294126973146 0.35479834782215547 0.5105193326007655 0.4156788739985585
2 0.08648810193593688 0.5354071260947117 0.0909517733745004 0.5016436908239249 0.09809915029086412 0.5021752049410407 0.09363547885230061 0.5359386402118276
2 0.2036598284849462 0.4691596298260306 0.2048721087583837 0.43699977875181195 0.2097888215463843 0.43710403122717256 0.2085765412729468 0.4692638823013912
2 0.42545971287182693 0.4613477098843857 0.42374779880932695 0.429116325607042 0.4291097791247043 0.4289561299479915 0.43082169318720437 0.4611875142253352
3 0.5458107993129966 0.5998515661954443 0.5409366801783402 0.5218366385008956 0.6011208617017627 0.5197215754651077 0.6059949808364191 0.5977365031596564
0 0.6615154430780565 0.3825503603370645 0.6605600249527969 0.3717568193363562 0.6913667662148217 0.37022291661377005 0.6923221843400814 0.38101645761447844
2 0.09542729640140209 0.4719715356665672 0.09756607000166251 0.4389549341040672 0.10366441909338955 0.4391771459740578 0.10152564549312915 0.47219374753655785
2 0.0950860663541115 0.4737003312978668 0.09661135742916863 0.44169816095657527 0.10361606030388615 0.4418859566122656 0.10209076922882902 0.4738881269535571
2 0.19886319993998094 0.5306526771705611 0.19911344408060594 0.4975986000221236 0.2062553303334566 0.49762901407781224 0.20600508619283162 0.5306830912262498
0 0.7757496118108801 0.36709233007575454 0.8055637243329056 0.36709233007575454 0.8055637243329056 0.3781633686018487 0.7757496118108801 0.3781633686018487
0 0.44148193982126466 0.3776535181434102 0.47158739546239786 0.3776535181434102 0.47158739546239786 0.3895985860268275 0.44148193982126466 0.3895985860268275
0 0.333879214497472 0.3818779933704724 0.36476158512289264 0.3818779933704724 0.36476158512289264 0.3933132107954512 0.333879214497472 0.3933132107954512
0 0.22501400232421248 0.38675799061552707 0.2555079154574894 0.38675799061552707 0.2555079154574894 0.3978290291416212 0.22501400232421248 0.3978290291416212
2 0.10220363668147017 0.38474780198340464 0.10953715503105173 0.38474780198340464 0.10953715503105173 0.41547873601974644 0.10220363668147017 0.41547873601974644
2 0.20789942495797914 0.37959687838072237 0.21453451298855297 0.37959687838072237 0.21453451298855297 0.41041511620694004 0.20789942495797914 0.41041511620694004
2 0.31091789701162476 0.4934410203789884 0.31801860525487036 0.4934410203789884 0.31801860525487036 0.5273148908508652 0.31091789701162476 0.5273148908508652
2 0.31231475764964056 0.43311410157469254 0.3190662507333823 0.43311410157469254 0.3190662507333823 0.4651545924591739 0.31231475764964056 0.4651545924591739
2 0.3160397193510153 0.3760174229958075 0.32127794674357363 0.3760174229958075 0.32127794674357363 0.4072721797714052 0.3160397193510153 0.4072721797714052
2 0.4233651783718757 0.3716522335020089 0.4281377855517622 0.3716522335020089 0.4281377855517622 0.4026450789079786 0.4233651783718757 0.4026450789079786
2 0.4261588996479068 0.4894250460446939 0.43034948156195346 0.4894250460446939 0.43034948156195346 0.5228623975671909 0.4261588996479068 0.5228623975671909
2 0.5398866365930053 0.486020198239531 0.5454740791450674 0.486020198239531 0.5454740791450674 0.5195448535519038 0.5398866365930053 0.5195448535519038
2 0.64011138737062 0.3646679303119312 0.646280855188522 0.3646679303119312 0.646280855188522 0.395398864348273 0.64011138737062 0.395398864348273
2 0.6462808551885221 0.42211382405032016 0.6534979684849356 0.42211382405032016 0.6534979684849356 0.4540670111449256 0.6462808551885221 0.4540670111449256
2 0.6530323482722638 0.4822661352748643 0.6600166514623413 0.4822661352748643 0.6600166514623413 0.5157034867973611 0.6530323482722638 0.5157034867973611
2 0.6595510312496695 0.5455613829349434 0.6681650051840987 0.5455613829349434 0.6681650051840987 0.5809194178347116 0.6595510312496695 0.5809194178347116
2 0.7793318309595019 0.5423311427095324 0.7882950200534348 0.5423311427095324 0.7882950200534348 0.5781256965586806 0.7793318309595019 0.5781256965586806
2 0.7594265668677803 0.41862167245528137 0.7678077306958735 0.41862167245528137 0.7678077306958735 0.45074946712963887 0.7594265668677803 0.45074946712963887
2 0.7505797828270151 0.36082656355738796 0.7588445416019407 0.36082656355738796 0.7588445416019407 0.39173210517348167 0.7505797828270151 0.39173210517348167
