1 0.7142576044103273 0.7525101509418544 0.7148406122228272 0.6798839302387294 0.8272385617483347 0.6803914603862706 0.8266555539358347 0.7530176810893956
1 0.7167645668790253 0.8296458363289542 0.717341878076942 0.7540539173836417 0.8276962078605581 0.7545279917960459 0.8271188966626414 0.8301199107413584
1 0.7141634926614916 0.678085170087 0.7146724444844083 0.603214076337 0.8256816654566863 0.6036385434802103 0.8251727136337696 0.6785096372302103
1 0.7129055989391179 0.6009983593216519 0.713101535133526 0.5268502992099067 0.8262401064100855 0.5270184690426455 0.8260441702156772 0.6011665291543908
4 0.7224354653839121 0.8293476360193089 0.7207784594324094 0.5269959245705954 0.8213448659041684 0.5266859064382318 0.8230018718556712 0.8290376178869453
2 0.714608999338479 0.733213223946024 0.7147536933488956 0.6919704260944618 0.7200798265683532 0.6919809369238387 0.7199351325579366 0.7332237347754008
0 0.7305078212322996 0.5731887642979333 0.730743986596883 0.5528547799229333 0.7818328548991719 0.553188546257399 0.7815966895345885 0.573522530632399
2 0.7166029200388204 0.807431380461681 0.7167832585804871 0.7663069908132438 0.7221417183855156 0.7663202083824219 0.7219613798438489 0.8074445980308591
2 0.713119932150545 0.659102074767857 0.7133635167041746 0.6174992935729489 0.7187582844508461 0.6175170609230243 0.7185146998972165 0.6591198421179323
2 0.7133272815205756 0.5841409829378423 0.7132675632902445 0.5417284880048545 0.7171585410538877 0.5417254062762861 0.7172182592842187 0.5841379012092739
