1 0.709738104096499 0.4714815565048545 0.6977112457150402 0.33639743728073573 0.8885359477694224 0.3268408017911857 0.9005628061508811 0.46192492101530447
4 0.490891113238767 0.9069923898242849 0.47156250543063566 0.34370210954263153 0.649464194495877 0.340268341813269 0.6687928023040083 0.9035586220949223
1 0.48127083770774187 0.9040883189753811 0.4805516446184566 0.7561729008616603 0.6737013438009167 0.7556446397718136 0.6744205368902021 0.9035600578855344
1 0.25361690180437374 0.7458975380077972 0.2548772455240289 0.6141825820901827 0.43161230484550006 0.6151338418980391 0.43035196112584495 0.7468487978156537
1 0.7155363433458646 0.6081787559574463 0.7086526958009983 0.473805343376705 0.9065884041691404 0.4681017053573632 0.9134720517140067 0.6024751179381046
4 0.04208944042553709 0.8848984834243229 0.06087836242869942 0.358404825179877 0.2130190877954429 0.3614588792979702 0.19423016579228056 0.8879525375424161
1 0.4804818058691286 0.7508946227538918 0.47688125560190375 0.6137599510240994 0.6647055494445405 0.6109860184612652 0.6683060997117654 0.7481206901910576
4 0.7471470377234869 0.9139118622343445 0.7075577892724438 0.33586572104736806 0.8921521328274977 0.3287543118880721 0.9317413812785408 0.9068004530750486
1 0.47813716670560036 0.6094141518139466 0.4734687430798228 0.4800961218990569 0.6565431224113406 0.476378533744115 0.6612115460371182 0.6056965636590047
4 0.25408079875012285 0.8914279828269503 0.26452737955404876 0.35093709949204865 0.43553300967759606 0.35279626789951385 0.42508642887367015 0.8932871512344156
1 0.039756966877288455 0.7440705576536912 0.04200139632404121 0.6156714285332234 0.2068301569788533 0.6172921164710895 0.20458572753210055 0.7456912455915573
1 0.7311480097969421 0.9080522672029742 0.7290975915387554 0.7565910470446263 0.9360022123626767 0.7550154914724752 0.9380526306208632 0.9064767116308229
1 0.04519220760053342 0.6119126725884749 0.046159539401151764 0.4903064428445805 0.20892574304505812 0.4910347362915119 0.2079584112444398 0.6126409660354062
3 0.7201867573726569 0.7795764639207821 0.7074003081533157 0.6106335915358094 0.8020225929238769 0.6066052522518655 0.8148090421432181 0.7755481246368381
1 0.4760973756055921 0.4762161879055143 0.46968353726641415 0.3450865658669766 0.6484865898519474 0.34016713733508713 0.6549004281911254 0.4712967593736248
0 0.07703161594709507 0.43907014857303006 0.07529968235334505 0.41545113001834255 0.13354463514614212 0.41304870294571694 0.13527656873989213 0.4366677215004044
3 0.2403151937601665 0.9385044086661893 0.24192778454749675 0.7511530742400129 0.3157465822196732 0.7515104761571125 0.314133991432343 0.938861810583289
1 0.05259752571706049 0.48972387345967583 0.04836998869872458 0.36434688870743215 0.21033691203790783 0.3612749081872239 0.21456444905624378 0.4866518929394676
2 0.4746337635551885 0.44876163613021725 0.4723683577247834 0.38124402188072287 0.47951104266749256 0.38110921472461584 0.48177644849789764 0.44862682897411027
0 0.5093169855783413 0.42288303244700226 0.5069878026356329 0.39914829123606477 0.5702816273559193 0.3956544516033096 0.5726108102986276 0.41938919281424714
0 0.7508710160794725 0.4140383418219231 0.7484961788398892 0.38698408156801684 0.8190949669934443 0.38349815720151437 0.8214698042330277 0.4105524174554206
2 0.4762711896611347 0.5791511060767056 0.47564818259851277 0.5092235151169436 0.48269474642757504 0.509188201327751 0.483317753490197 0.5791157922875129
2 0.7069605901816585 0.4410676986218905 0.7011358593194774 0.37154215880979047 0.7105451810844976 0.3710987418086197 0.7163699119466788 0.4406242816207197
2 0.05014650980227784 0.46246848639689 0.05194755786705077 0.39905441318288376 0.06060069763294902 0.3991926538747339 0.05879964956817609 0.4626067270887401
2 0.25405997391150326 0.7153584316022736 0.25540647538539396 0.6435689668051752 0.2611934864810244 0.6436300220475124 0.25984698500713366 0.7154194868446109
2 0.47914643338705615 0.7165339205765932 0.4783948130615175 0.6427605717725516 0.48505355108487347 0.6427224113237774 0.48580517141041213 0.7164957601278188
2 0.04513365729752994 0.5196855310092025 0.053779951798972464 0.5196855310092025 0.053779951798972464 0.586089072780281 0.04513365729752994 0.586089072780281
2 0.04029173237672213 0.6461375880927994 0.04893802687816465 0.6461375880927994 0.04893802687816465 0.7144865461267025 0.04029173237672213 0.7144865461267025
2 0.48004227072008854 0.7833542818306921 0.4888614911115598 0.7833542818306921 0.4888614911115598 0.8606521546735884 0.48004227072008854 0.8606521546735884
2 0.7292456101444809 0.7856701621189736 0.7399676624461384 0.7856701621189736 0.7399676624461384 0.8652390765681169 0.7292456101444809 0.8652390765681169
2 0.7104669125790024 0.5028448368551874 0.7207164656641015 0.5028448368551874 0.7207164656641015 0.5739860530413066 0.7104669125790024 0.5739860530413066
