3 0.3465850423204985 0.400288202036448 0.34663370768508184 0.2961608216653543 0.4448862304659599 0.29618665147917694 0.44483756510137656 0.4003140318502707
4 0.44664019834577107 0.664268279177831 0.44637319116122565 0.3128504593830846 0.5527025368851529 0.31280501556259266 0.5529695440696983 0.6642228353573391
3 0.38350935872712677 0.6870191095313045 0.3834459298237262 0.5764057766487616 0.444626185010194 0.5763860427209225 0.4446896139135946 0.6869993756034654
2 0.4375511371869844 0.6417796510076695 0.4374814183437692 0.5958024961631299 0.4446740785698106 0.5957963610842376 0.44474379741302583 0.6417735159287772
2 0.4355645452561205 0.46904917087687764 0.4355042057956655 0.4238553968222125 0.44507650500508567 0.42384820793608385 0.44513684446554064 0.469041981990749
2 0.4340312735952863 0.3829456652642433 0.4339123208097181 0.33697335219910257 0.44442768139430944 0.3369580474942915 0.4445466341798776 0.3829303605594322
3 0.40928727211368904 0.5856779072535353 0.4090654296657724 0.4812371418726762 0.4444744116918976 0.4811948350343212 0.4446962541398143 0.5856356004151803
3 0.3695278727244469 0.48867929132198534 0.36899377441715525 0.39361349542354784 0.4454948323536779 0.3933717340686396 0.4460289306609696 0.4884375299670771
2 0.4404187515692144 0.5583374743729007 0.44059608989640325 0.5095713367141426 0.4459959049484927 0.5095823822212429 0.44581856662130387 0.5583485198800009
0 0.3799361632784361 0.3388431167112069 0.4221926596352244 0.3388431167112069 0.4221926596352244 0.36564899986264976 0.3799361632784361 0.36564899986264976
