4 0.6681079026269208 0.81590450917679 0.6368998860840697 0.5819597927716605 0.7099856735932987 0.5764756546529005 0.7411936901361498 0.81042037105803
2 0.7392820821805905 0.7948183653900059 0.7332305847519702 0.7617316755338233 0.7385695956175308 0.7611823966999802 0.744621093046151 0.7942690865561629
2 0.7161478674411219 0.6758871722214596 0.7129641109307052 0.6464497942917721 0.7196129729928319 0.6460453016995873 0.7227967295032486 0.6754826796292748
3 0.7174069702485152 0.6877064837825606 0.7109854116228542 0.6277684090560971 0.7811918839381466 0.6235374644318136 0.7876134425638074 0.683475539158277
4 0.5396436733020923 0.5837908037506125 0.6127408477892092 0.5783717500794825 0.643743224341288 0.8136028023172223 0.570646049854171 0.8190218559883524
4 0.4474658778770324 0.583406412050633 0.5237001055006788 0.5805325771819437 0.5395872333444959 0.817591393646638 0.46335300572084953 0.8204652285153274
4 0.35297244042485376 0.5823970700048133 0.431293889725511 0.5820008400758072 0.4334590091104661 0.8227350516918692 0.3551375598098089 0.8231312816208753
4 0.25762465033854637 0.5836791851535791 0.3358238067223661 0.5856756633137008 0.324817567913315 0.8281685272215866 0.24661841152949532 0.8261720490614648
4 0.15931513873470823 0.5799992127139187 0.23933221734526666 0.5841312421831493 0.21644251502648543 0.8334654995843538 0.13642543641592697 0.8293334701151232
4 0.05946061599744397 0.5796305607926495 0.1417288243063463 0.5863833048497302 0.10468767196753036 0.8402225487340846 0.022419463658628024 0.8334698046770038
3 0.7336028910269206 0.7432461617463578 0.8169397984788587 0.7432461617463578 0.8169397984788587 0.8111062149572221 0.7336028910269206 0.8111062149572221
3 0.28778454328407416 0.5700125645438572 0.3382983798685406 0.5700125645438572 0.3382983798685406 0.6364743409642776 0.28778454328407416 0.6364743409642776
3 0.06581231280719034 0.7594394517356087 0.11978995532887719 0.7594394517356087 0.11978995532887719 0.8313134249329334 0.06581231280719034 0.8313134249329334
3 0.07822428408223062 0.6321445835427505 0.13393382957252778 0.6321445835427505 0.13393382957252778 0.6981733842210176 0.07822428408223062 0.6981733842210176
2 0.7232664311403745 0.7018388852895774 0.731983677169161 0.7018388852895774 0.731983677169161 0.7331664882055293 0.7232664311403745 0.7331664882055293
2 0.6216869360967858 0.6468309066623629 0.6282068612374395 0.6468309066623629 0.6282068612374395 0.6765327878586747 0.6216869360967858 0.6765327878586747
2 0.629172776073092 0.7031558155163442 0.6359341799226589 0.7031558155163442 0.6359341799226589 0.7348498960611891 0.629172776073092 0.7348498960611891
2 0.6366586160493982 0.7633745685515495 0.6439029773167915 0.7633745685515495 0.6439029773167915 0.7968797394132426 0.6366586160493982 0.7968797394132426
2 0.5360827337870905 0.7657289859634523 0.5415160047376353 0.7657289859634523 0.5415160047376353 0.7998680384360423 0.5360827337870905 0.7998680384360423
2 0.5323398137989372 0.7049669058331927 0.5382560421673083 0.7049669058331927 0.5382560421673083 0.7367515408938802 0.5323398137989372 0.7367515408938802
2 0.5281139363929581 0.647736451820787 0.5328227712167635 0.647736451820787 0.5328227712167635 0.6778911055963109 0.5281139363929581 0.6778911055963109
2 0.5237673196325222 0.5953053871480293 0.5275102396206753 0.5953053871480293 0.5275102396206753 0.6231961780274927 0.5237673196325222 0.6231961780274927
2 0.43140171347325995 0.649275878590108 0.4345409366891303 0.649275878590108 0.4345409366891303 0.6796116413973166 0.43140171347325995 0.6796116413973166
2 0.43212614959999923 0.7066874416341985 0.43574833023369575 0.7066874416341985 0.43574833023369575 0.7391965128216251 0.43212614959999923 0.7391965128216251
2 0.4330920644356517 0.7681739578911972 0.43647276636043525 0.7681739578911972 0.43647276636043525 0.8029468919746843 0.4330920644356517 0.8029468919746843
2 0.3308258312109522 0.6515397414861682 0.33541392668030123 0.6515397414861682 0.33541392668030123 0.6816038407458498 0.3308258312109522 0.6816038407458498
2 0.2354417411902762 0.5983842406866712 0.24099575149527758 0.5983842406866712 0.24099575149527758 0.6273616857562437 0.2354417411902762 0.6273616857562437
2 0.2298877308852748 0.6535319408347013 0.23580395925364586 0.6535319408347013 0.23580395925364586 0.68386770364191 0.2298877308852748 0.68386770364191
2 0.22397150251690376 0.712301821616428 0.22964625217636173 0.712301821616428 0.22964625217636173 0.7449014473196969 0.22397150251690376 0.7449014473196969
2 0.2182967528574447 0.7747844375476867 0.22409224187135907 0.7747844375476867 0.22409224187135907 0.808470717441072 0.2182967528574447 0.808470717441072
2 0.11730341185954445 0.7150690836831716 0.12385889465609819 0.7150690836831716 0.12385889465609819 0.7476975094205639 0.11730341185954445 0.7476975094205639
2 0.1337914443478462 0.6002736406207934 0.14024760164748243 0.6002736406207934 0.14024760164748243 0.6293263484691562 0.1337914443478462 0.6293263484691562
1 0.03422662250163037 0.7020902628743625 0.1231269406876844 0.7020902628743625 0.1231269406876844 0.763264794326147 0.03422662250163037 0.763264794326147
1 0.055340448070818574 0.5862420357381729 0.14001800114303511 0.5862420357381729 0.14001800114303511 0.6439161171613742 0.055340448070818574 0.6439161171613742
1 0.15157504250722142 0.640749043325996 0.2358080939885076 0.640749043325996 0.2358080939885076 0.6987565009423948 0.15157504250722142 0.6987565009423948
1 0.15913156955303734 0.5845751547721837 0.24158661467060283 0.5845751547721837 0.24158661467060283 0.6400822909396006 0.15913156955303734 0.6400822909396006
1 0.14357401387047722 0.7000900057151841 0.22980732251094996 0.7000900057151841 0.22980732251094996 0.7602644085873737 0.14357401387047722 0.7602644085873737
1 0.13557298523373276 0.7612645371669644 0.2242510526243221 0.7612645371669644 0.2242510526243221 0.8294399686758955 0.13557298523373276 0.8294399686758955
1 0.2542549100121159 0.6405823552293947 0.33582095194782097 0.6405823552293947 0.33582095194782097 0.6955894271070158 0.2542549100121159 0.6955894271070158
1 0.35626802513061695 0.6380820337804114 0.43427805433887956 0.6380820337804114 0.43427805433887956 0.6939225461410273 0.35626802513061695 0.6939225461410273
1 0.35537902194875665 0.6944226104308274 0.43561155911167 0.6944226104308274 0.43561155911167 0.754263637109814 0.35537902194875665 0.754263637109814
1 0.35271201240317474 0.7557638299792029 0.436945063884461 0.7557638299792029 0.436945063884461 0.8227724448119419 0.35271201240317474 0.8227724448119419
1 0.45850339104458226 0.7527634442404232 0.5416251885485414 0.7527634442404232 0.5416251885485414 0.8194386828799562 0.45850339104458226 0.8194386828799562
1 0.4573921370672553 0.6925890413682382 0.5378469250256346 0.6925890413682382 0.5378469250256346 0.7515966275642335 0.4573921370672553 0.7515966275642335
1 0.4556141307035275 0.6367485290076242 0.5329574075253947 0.6367485290076242 0.5329574075253947 0.6917556008852455 0.4556141307035275 0.6917556008852455
1 0.5511819727535433 0.6355817123314307 0.6285252495754106 0.6355817123314307 0.6285252495754106 0.6894219675328604 0.5511819727535433 0.6894219675328604
1 0.5562937410492416 0.6917556008852421 0.6365262782121557 0.6917556008852421 0.6365262782121557 0.7487629299220473 0.5562937410492416 0.7487629299220473
1 0.5609610077540095 0.7507631870812358 0.64408280525797 0.7507631870812358 0.64408280525797 0.8162716090445853 0.5609610077540095 0.8162716090445853
1 0.6518615830992512 0.6904220961124513 0.7318718694667 0.6904220961124513 0.7318718694667 0.7470960489560593 0.6518615830992512 0.7470960489560593
0 0.1731789039415082 0.7866392531934678 0.20341639969387673 0.7866392531934678 0.20341639969387673 0.7988330171840586 0.1731789039415082 0.7988330171840586
0 0.10165268672529904 0.7874664408876868 0.11487209441603301 0.7874664408876868 0.11487209441603301 0.8012556506340559 0.10165268672529904 0.8012556506340559
0 0.38959265883956173 0.7799450537533036 0.4199821018067662 0.7799450537533036 0.4199821018067662 0.7927086197995296 0.38959265883956173 0.7927086197995296
0 0.49458818429125323 0.7776658455307631 0.5233062078952615 0.7776658455307631 0.5233062078952615 0.7898596095213541 0.49458818429125323 0.7898596095213541
0 0.5976083959500764 0.7737911915524447 0.6261744723392486 0.7737911915524447 0.6261744723392486 0.7856430743096545 0.5976083959500764 0.7856430743096545
0 0.7570010243130639 0.769802577162999 0.7854151534874001 0.769802577162999 0.7854151534874001 0.7832499056759871 0.7570010243130639 0.7832499056759871
