1 0.06420186102673356 0.44015636585551055 0.06319494370902516 0.27059362171488555 0.2705822779706623 0.269900885121052 0.2715891952883707 0.439463629261677
1 0.7048834201733765 0.4210275610680678 0.7019876298936112 0.24920281640881478 0.9278289391168053 0.24706186254626347 0.9307247293965706 0.41888660720551657
1 0.4872081704600692 0.42628812709888225 0.4890047199392359 0.25683561245044473 0.698296549592014 0.25808376010814904 0.6965000001128474 0.4275362747565865
4 0.06742069291994834 0.4296318910355686 0.060564785999779144 0.2789894049966954 0.922559756599 0.25692233374935525 0.929415663519169 0.4075648197882284
2 0.5353435076004075 0.42768314763744025 0.5348280555195226 0.42053152386601284 0.6502429318100409 0.41585236322664637 0.6507583838909258 0.4230039869980738
0 0.13820453317506204 0.4086367083061059 0.13293044463339537 0.3321116838920434 0.1847920386836619 0.33010114569780036 0.19006612722532856 0.40662617011186286
1 0.28098914590226776 0.43297491336730914 0.2792380879595594 0.2664666125860592 0.4788072408164823 0.26528607296081586 0.4805582987591906 0.4317943737420658
2 0.11951098229046042 0.4346994670237489 0.11933647207040174 0.43007986309259 0.23062512663556417 0.4277150896321848 0.23079963685562288 0.4323346935633437
2 0.7520747499381385 0.4201508680920673 0.7517092316620761 0.4138053421541903 0.8694072718102742 0.4099917589070285 0.8697727900863365 0.4163372848449055
2 0.32966191433207015 0.4310672687958343 0.3293797682336653 0.42542865999935264 0.4370014347034135 0.4223994852779335 0.43728358080181834 0.4280380940744151
