3 0.8307808430590076 0.6396555432474429 0.8309167480069243 0.5522920178568179 0.8930762532951589 0.5523464098775572 0.8929403483472422 0.6397099352681822
3 0.8385125325214937 0.8054137869455639 0.8386103515319103 0.7106287527658763 0.9161027018535063 0.7106737374684986 0.9160048828430897 0.8054587716481861
2 0.8331656587440496 0.691388889023409 0.8331285493690497 0.6508753392187211 0.8446350327283381 0.6508694106687797 0.8446721421033381 0.6913829604734675
2 0.839434229618575 0.8483656776470566 0.8394228188603108 0.8050767947222206 0.8505854961426377 0.8050751396039908 0.8505969069009018 0.8483640225288268
2 0.8368559055863166 0.7705200744671525 0.8369778131383999 0.7276737609905898 0.8471197574214069 0.7276899925743383 0.8469978498693236 0.7705363060509011
3 0.8400119628798031 0.8985504700165761 0.8398145344943864 0.7880313049775135 0.9282421061306136 0.7879424499052989 0.9284395345160302 0.8984616149443615
3 0.8353814942495222 0.7243567814431305 0.8353649902390001 0.6317537492280909 0.9208719159674409 0.6317451771108277 0.920888419977963 0.7243482093258673
2 0.8290216902697537 0.6145938252292712 0.8291761499051704 0.5747649678073958 0.839182909251729 0.5747867967721587 0.8390284496163123 0.6146156541940341
0 0.8592329106003013 0.8510862116869553 0.8596554366419679 0.8216025691088302 0.8973391922642819 0.8219063420239823 0.8969166662226152 0.8513899846021072
4 0.7470645286515935 0.8696913658888628 0.7348261789567443 0.5548322983233958 0.8311584913968678 0.5527260907705525 0.843396841091717 0.8675851583360193
