3 0.23900388204748677 0.3864525369632829 0.23665025095744538 0.35108513716040435 0.3550928033495011 0.34665144490915784 0.35744643443954244 0.38201884471203634
3 0.16743825164169987 0.25987790201177174 0.15622503015854067 0.1975032987684008 0.2650393972640084 0.18649978550026458 0.2762526187471676 0.24887438874363554
3 0.023089941693274704 0.3939690341896041 0.017557488414845505 0.3374370903505875 0.14706531775560042 0.33030786426921305 0.1525977710340296 0.38683980810822965
3 0.048915210376095974 0.2631194119945861 0.04532954640574463 0.21302708337248583 0.1780307627552089 0.2076839526846497 0.18161642672556028 0.25777628130674995
3 0.12867044702824587 0.39268998385206566 0.1253442349496512 0.3548632298855188 0.25455252239935405 0.34847230433063847 0.25787873447794873 0.3862990582971853
4 0.09394151523440582 0.25877781158761753 0.08604810479246612 0.1971175943705003 0.4667469839200748 0.16970414025222896 0.47464039436201444 0.23136435746934617
0 0.07227305149102593 0.3891390667958802 0.07099159804468892 0.36538646148807097 0.11247011050812084 0.36412771787208775 0.11375156395445785 0.387880323179897
3 0.26652965793526157 0.25012429485500404 0.25796816802009775 0.1848541302744174 0.36268902249999896 0.17712749618776816 0.3712505124151628 0.24239766076835476
3 0.3699581673548782 0.2463672047110275 0.36703881514133657 0.2145258961172785 0.4683091413437293 0.2093031330694532 0.4712284935572709 0.2411444416632022
0 0.10271481814542056 0.26123436098001307 0.09933356566856671 0.23983760435070856 0.13542643960943632 0.23662931414780294 0.13880769208629015 0.25802607077710754
3 0.34817707987363755 0.378598878460534 0.34374683660658356 0.3300354566351793 0.45775561607507903 0.32418514342905924 0.46218585934213297 0.37274856525441397
4 0.06966968565364735 0.38989720639120085 0.06276167260217444 0.3247217172900803 0.4531747946154948 0.301445318815965 0.4600828076669677 0.36662080791708546
2 0.2075153644527991 0.24801970029519052 0.25763716816644305 0.24801970029519052 0.25763716816644305 0.25426180684624394 0.2075153644527991 0.25426180684624394
2 0.3011007248922968 0.24052917243392632 0.3512225286059407 0.24052917243392632 0.3512225286059407 0.24677127898497975 0.3011007248922968 0.24677127898497975
