1 0.7750947265585342 0.8117606213916685 0.7753605143189508 0.7263455823291685 0.9089824218789658 0.7265794664989565 0.9087166341185492 0.8119945055614566
1 0.7767611490576459 0.9035114176388855 0.777449625620146 0.8129342692013856 0.9089808756819375 0.8134966390017395 0.9082923991194375 0.9040737874392395
2 0.9001134944578877 0.7934049378876067 0.9000228369058044 0.7433833314422952 0.9062628719462985 0.7433769699953664 0.9063535294983819 0.7933985764406779
2 0.8999709558288133 0.7031953891943856 0.8999388920267298 0.6521367954443865 0.9067038386610671 0.6521344058011275 0.9067359024631504 0.7031929995511266
1 0.7677993342104066 0.6321685673454095 0.7676788336531554 0.536000319135028 0.9059768302306667 0.5359028435689759 0.9060973307879179 0.6320710917793574
2 0.8986142938204287 0.8804690423073906 0.8986697951225121 0.8322043938698905 0.9074200074097317 0.8322100538530777 0.9073645061076484 0.8804747022905778
2 0.8977613948809027 0.6101313665192897 0.8977636735267359 0.5589209173005402 0.9063207613201686 0.558921131474545 0.9063184826743355 0.6101315806932947
4 0.8996722164625844 0.5357990111008942 0.8997961643206922 0.9039733809780984 0.7783137106890148 0.9039963859419851 0.7781897628309068 0.5358220160647807
0 0.8267437626599298 0.8726775515472641 0.8267556441703464 0.8498493044769516 0.8876181640326409 0.8498671229935068 0.8876062825222243 0.8726953700638193
1 0.7688222656161025 0.7270674460195599 0.7692075195223524 0.6330263083242473 0.9081020507901476 0.6333463723398151 0.9077167968838976 0.7273875100351276
