4 0.09322610180727249 0.1629249275392949 0.09355894866724884 0.10997431754439019 0.4799599134837062 0.11134058028738586 0.47962706662372984 0.16429119028229058
0 0.11047945704946921 0.16361279567183626 0.1025702924761525 0.12851726654807683 0.1328680883972529 0.12467654890329236 0.14077725297056964 0.15977207802705182
2 0.30385434247995774 0.16609381578336332 0.3038967874207053 0.16226899930008123 0.3539837870415678 0.16258165249638196 0.35394134210082023 0.16640646897966402
2 0.2079272897237806 0.16621749011197043 0.20783060153257762 0.16194284949479648 0.2590590375045565 0.16129105985762363 0.25915572569575945 0.16556570047479754
3 0.27112203007313057 0.1696716685144337 0.26551427551550605 0.08779491703887947 0.3686801347368397 0.08382037660056615 0.37428788929446416 0.16569712807612036
3 0.1766432430766102 0.17412607910727596 0.1606372209667425 0.08860847100276419 0.2633683604371406 0.07779282413217317 0.27937438254700836 0.16331043223668493
2 0.052568400198804925 0.3410679497679459 0.05211281175600657 0.337939705261769 0.10988977227457904 0.3332065666199779 0.11034536071737738 0.3363348111261548
3 0.36552234676845313 0.16956342919805933 0.3643454696037824 0.12001952841496798 0.4755027260861324 0.1185342725194841 0.4766796032508031 0.16807817330257546
3 0.33853439737790814 0.3181154458436225 0.3269824042278719 0.2531776468078797 0.44240062013306314 0.24162833141114648 0.4539526132830994 0.3065661304468893
3 0.04940098740833687 0.16529076951719673 0.05097587260841072 0.0941313496428657 0.18270952505767074 0.09577131911180917 0.18113463985759687 0.1669307389861402
4 0.03374305329600702 0.3399899366435937 0.024231871649177273 0.27862745120988536 0.44171415833953326 0.2422282280986207 0.451225339986363 0.30359071353232914
2 0.11389711215954533 0.16578855758372688 0.11391355630816159 0.16326627067202557 0.16444619263121957 0.16345158602018045 0.1644297484826033 0.16597387293188176
3 0.2193338485748844 0.3263463195401278 0.21226456661297777 0.2760708830342592 0.3351247717295543 0.26635341284644637 0.34219405369146094 0.316628849352315
0 0.05005039888573382 0.3384728120357986 0.03667973659993183 0.30356228011457337 0.06846717106797824 0.29671411129142605 0.08183783335378023 0.3316246432126513
2 0.36993384324293094 0.31404737630968055 0.36958485740054514 0.311651106032342 0.42478492398683027 0.3071290687731303 0.425133909829216 0.30952533905046886
3 0.09764865007005885 0.27661263284234383 0.23534027175158095 0.27661263284234383 0.23534027175158095 0.3336914300955262 0.09764865007005885 0.3336914300955262
3 0.0 0.26677751700794705 0.12902735297027004 0.26677751700794705 0.12902735297027004 0.34071651283437643 0.0 0.34071651283437643
