1 0.4840104817595831 0.4690141420008674 0.48345978188979144 0.4132675599696174 0.5609434000537213 0.4128370044629929 0.561494099923513 0.46858358649424287
1 0.2839209899731585 0.4669871146736144 0.2837841898429502 0.4116402518806456 0.36293339240358274 0.41153020884249036 0.3630701925337911 0.46687707163545916
4 0.3825895412802233 0.5831297286117428 0.3887540383357635 0.3534310374595506 0.46542145530383844 0.35458840816932263 0.45925695824829826 0.5842870993215148
1 0.6811551273005887 0.46758206545240616 0.6810179202693387 0.41359830080396864 0.7590350021023037 0.4134867621424224 0.7591722091335537 0.46747052679085993
4 0.5890790815453106 0.5847579383013667 0.5855670337829539 0.35604732017490176 0.6567976515004222 0.3554320535984806 0.6603096992627789 0.5841426717249456
1 0.28213693170151016 0.5233731371753338 0.28356531711817684 0.4651141650073651 0.3626390195665083 0.4662046939346526 0.3612106341498416 0.5244636661026213
4 0.18257971520546457 0.5835572541555399 0.19330845714851355 0.3525610681010523 0.26662591758314724 0.35447653181963834 0.2558971756400983 0.5854727178741259
1 0.6803810513938444 0.4130280309129504 0.67972766310826 0.3553960714265066 0.7571265482292222 0.3549024827478532 0.7577799365148067 0.41253444223429697
1 0.5843785400305042 0.5254185811323064 0.5846112060461292 0.4702110310834785 0.6623392180662518 0.4703952925676286 0.6621065520506269 0.5256028426164565
1 0.28520070415396265 0.41042891412914706 0.28638267224396613 0.35312565339515756 0.36494551767952915 0.3540371732813927 0.36376354958952567 0.41134043401538223
4 0.6875163869501896 0.5844884723864155 0.6828707021345493 0.3557153065861334 0.7555561939880904 0.35488504504689183 0.7602018788037306 0.5836582108471741
4 0.7893360792600521 0.5853880622931639 0.7802794826669488 0.35761781002195314 0.8518946853090521 0.35601605618663024 0.8609512819021555 0.5837863084578411
1 0.3833824055812341 0.46852489026776295 0.3832985839666508 0.4114043458341692 0.4615743815281409 0.41133973375567456 0.4616582031427242 0.46846027818926833
4 0.2848288173429244 0.5829738435766639 0.2902787684659482 0.35292634239630927 0.3637906031693664 0.3539059561544397 0.35834065204634263 0.5839534573347944
1 0.38100223485589335 0.525373455128757 0.3826478240486017 0.4659955864764132 0.46295406126049965 0.4672474835547784 0.4613084720677913 0.5266253522071223
1 0.6847055362462113 0.5843282746825554 0.682040659944128 0.5266500520263055 0.7614141459130854 0.5245872233187344 0.7640790222151688 0.5822654459749843
1 0.48383871086020597 0.5230162309306177 0.48389445630291433 0.4692132218974146 0.5614931640690721 0.46925844702696795 0.5614374186263638 0.523061456060171
4 0.48780960391692113 0.5838784873172849 0.486245126359757 0.35456251588083065 0.55935418350791 0.3542819539487083 0.5609186610650742 0.5835979253851626
1 0.6831084823336032 0.5251296638214525 0.6816988143648532 0.46753063428043695 0.7591098433876092 0.46646495374706004 0.7605195113563592 0.5240639832880758
1 0.7817508869937331 0.46834551826338716 0.7796854573062332 0.41204669013838713 0.8558358480600882 0.41047522148270665 0.8579012777475882 0.4667740496077067
1 0.18582645398454115 0.4659479468100194 0.1855594048308953 0.4119041235678319 0.2644431531064619 0.41168486568998086 0.2647102022601077 0.4657286889321684
3 0.7777900572438062 0.41050020863324976 0.7755078067278588 0.33937045245971187 0.8206186138354592 0.3385562824176899 0.8229008643514066 0.4096860385912278
1 0.4845294895250847 0.4123661543021273 0.4827300917386263 0.3540858198294711 0.5608526202968775 0.3527290569135473 0.5626520180833359 0.41100939138620346
1 0.38504386669266605 0.41064929195210803 0.3858854194270411 0.3536637572841393 0.4633941867020648 0.3543076152372645 0.4625526339676898 0.41129314990523325
1 0.7838726398112023 0.5257169780299054 0.778853759602869 0.4655677470728741 0.8418339031575477 0.4626117573216571 0.8468527833658811 0.5227609882786883
1 0.7834252110904251 0.5861550823596783 0.7796372879133417 0.5255292278674908 0.8613986821387416 0.5226557086559466 0.8651866053158249 0.5832815631481341
3 0.11148696320649358 0.40628760935883973 0.11589546318207274 0.34070997551895243 0.19402261066413318 0.3436643095353613 0.18961411068855402 0.40924194337524866
3 0.11003205175744987 0.5205188392150604 0.11372045456334681 0.461009803684203 0.1882786819125972 0.46360920618726464 0.18459027910670026 0.5231182417181219
2 0.18588866603748957 0.3976125741152955 0.18631631903228124 0.367781641498108 0.19179971706374657 0.3678258592832569 0.1913720640689549 0.3976567919004444
2 0.180270854768274 0.5109717292538005 0.18170863103357532 0.4800876136751984 0.18834986536065318 0.48026152484316453 0.18691208909535184 0.5111456404217666
1 0.10736926529056076 0.4845377594384179 0.1157777017289782 0.4845377594384179 0.1157777017289782 0.48793347415393273 0.10736926529056076 0.48793347415393273
1 0.7848845582705032 0.5263762245841719 0.8642430574439731 0.5263762245841719 0.8642430574439731 0.5843132019707814 0.7848845582705032 0.5843132019707814
3 0.5828643868127595 0.5841946817802973 0.5834732735315096 0.5224831339287349 0.6365869831696578 0.5227779147493157 0.6359780964509079 0.584489462600878
3 0.7828533044893186 0.4617280788808613 0.8442324494080171 0.4617280788808613 0.8442324494080171 0.5232225981321116 0.7828533044893186 0.5232225981321116
2 0.18503524749731945 0.42365190328137087 0.18891710583642388 0.42365190328137087 0.18891710583642388 0.45373630540943155 0.18503524749731945 0.45373630540943155
2 0.28584593224315724 0.3682471978959687 0.2898454226531439 0.3682471978959687 0.2898454226531439 0.3975375835455762 0.28584593224315724 0.3975375835455762
2 0.28431671532169184 0.42409302354717815 0.28831620573167843 0.42409302354717815 0.28831620573167843 0.45373630540943155 0.28431671532169184 0.45373630540943155
2 0.28266986632934443 0.4803799694641949 0.286786988810213 0.4803799694641949 0.286786988810213 0.5105525956454172 0.28266986632934443 0.5105525956454172
2 0.38195133415371674 0.48055641757051804 0.38630372077634917 0.48055641757051804 0.38630372077634917 0.510905491858063 0.38195133415371674 0.510905491858063
2 0.38512740006752955 0.3686000941086146 0.38842109805222436 0.3686000941086146 0.38842109805222436 0.39841982407719084 0.38512740006752955 0.39841982407719084
2 0.48429123582101996 0.36886476626809894 0.486996773451305 0.36886476626809894 0.486996773451305 0.3985962721835137 0.48429123582101996 0.3985962721835137
2 0.48393833960837407 0.42435769570666243 0.4866438772386591 0.42435769570666243 0.4866438772386591 0.4542656497284002 0.48393833960837407 0.4542656497284002
2 0.48382070753749196 0.4806446416236793 0.4861733489551312 0.4806446416236793 0.4861733489551312 0.5110819399643858 0.48382070753749196 0.5110819399643858
2 0.5834650890393176 0.5381183159521429 0.5851355010490294 0.5381183159521429 0.5851355010490294 0.5681857321269544 0.5834650890393176 0.5681857321269544
2 0.583956386689233 0.4812260480919601 0.5870024321187074 0.4812260480919601 0.5870024321187074 0.5109249910293353 0.583956386689233 0.5109249910293353
2 0.6803489856025995 0.3700945196811368 0.6838863286819892 0.3700945196811368 0.6838863286819892 0.3993512947335884 0.6803489856025995 0.3993512947335884
2 0.68133158090243 0.42551289459157393 0.6849671835118026 0.42551289459157393 0.6849671835118026 0.4552118375289491 0.68133158090243 0.4552118375289491
2 0.6825106952622265 0.4816682159768838 0.6862445574015822 0.4816682159768838 0.6862445574015822 0.5117356321516955 0.6825106952622265 0.5117356321516955
2 0.6838863286819891 0.5384867891895793 0.6872271527014125 0.5384867891895793 0.6872271527014125 0.5689963732493145 0.6838863286819891 0.5689963732493145
2 0.7844058278546435 0.5386341784845539 0.7887292471738976 0.5386341784845539 0.7887292471738976 0.5692911518392637 0.7844058278546435 0.5692911518392637
2 0.7798858894754229 0.42595506247649717 0.7846023469146091 0.42595506247649717 0.7846023469146091 0.4558013947088472 0.7798858894754229 0.4558013947088472
0 0.698426396264304 0.3782990308544924 0.7253869995751733 0.3782990308544924 0.7253869995751733 0.3889103470264089 0.698426396264304 0.3889103470264089
0 0.5005397139464013 0.377232289911631 0.5275789195992847 0.377232289911631 0.5275789195992847 0.3877257025705262 0.5005397139464013 0.3877257025705262
0 0.40181517237657083 0.37646591707699256 0.4295617991075821 0.37646591707699256 0.4295617991075821 0.3870182814923984 0.40181517237657083 0.3870182814923984
0 0.30151858396645653 0.37699648288558846 0.32981542709156714 0.37699648288558846 0.32981542709156714 0.38754884730099426 0.30151858396645653 0.38754884730099426
2 0.3823717089316808 0.42417028384780087 0.38728022955573504 0.42417028384780087 0.38728022955573504 0.45396870857967775 0.3823717089316808 0.45396870857967775
