1 0.7240104165803245 0.2834910455037393 0.7246118163199079 0.1603977990437784 0.904602701909259 0.16089245364176857 0.9040013021696756 0.28398570010172947
4 0.7192993983568217 0.5380302426357916 0.7384193420338717 0.016996783111221134 0.9009675179764786 0.020352038806434988 0.8818475742994286 0.5413854983310054
1 0.7249843749743009 0.15774702006273728 0.7248059895576342 0.020761050519280247 0.9106497396090327 0.020624920550055683 0.9108281250256994 0.15761089009351273
1 0.7197075194863384 0.411612496470392 0.7203447265175884 0.28849537000554826 0.8981012370240786 0.28901286974054546 0.8974640299928286 0.4121299962053892
1 0.7121880697930778 0.5404562827460433 0.7132224122409945 0.41407643045112136 0.8915466307277555 0.41489738546684746 0.8905122882798389 0.5412772377617694
0 0.7813727213649115 0.4939203873393836 0.7813675130315783 0.46091446692922733 0.8640558268121717 0.4609071273090541 0.864061035145505 0.49391304771921035
2 0.8922268367597692 0.25525304460540876 0.8925108536868526 0.1861993947030676 0.9023244870903506 0.18622209909854537 0.9020404701632673 0.25527574900088656
2 0.8845109382771665 0.38045880599286497 0.8845150072875833 0.3129722947623974 0.897611309720046 0.31297273892608135 0.8976072407096293 0.38045925015654897
2 0.8784977146248554 0.5097713568461686 0.878936353947772 0.4420797674907012 0.8900669130660628 0.44212033817741464 0.8896282737431461 0.509811927532882
2 0.8963228575181306 0.12658159234408622 0.8967850971014639 0.05369124200229197 0.9069519019594903 0.053727508374121644 0.9064896623761569 0.12661785871591588
