3 0.6797592771420464 0.6627593344229527 0.6748297524024631 0.5660778158682651 0.7505862632225369 0.5639050942879849 0.7555157879621202 0.6605866128426724
4 0.7893180377578585 0.9550886534693928 0.7413014361953585 0.5808838194850178 0.8527415325546416 0.5728403016087321 0.9007581341171416 0.9470451355931071
3 0.7353577461522935 0.8588874394100534 0.7243312162043768 0.7545943485897407 0.7630480900131428 0.7522918141608911 0.7740746199610594 0.8565849049812038
3 0.7627652449094794 0.7597524736364661 0.7500858829303128 0.6608607500036535 0.8439418127700581 0.6540917939035377 0.8566211747492248 0.7529835175363503
2 0.7712357750717844 0.9252720145069504 0.7656113987489005 0.8711711883104148 0.7747618927946349 0.8706360851162429 0.7803862691175187 0.9247369113127785
2 0.745372175544127 0.6457052122525596 0.7409537185128771 0.5979404417447474 0.7499481480813788 0.5974724274774869 0.7543666051126288 0.6452371979852991
0 0.01834856130298325 0.41536721481916217 0.017756940605963084 0.3898308635160412 0.03947300238500636 0.38954786242505784 0.040064623082026525 0.41508421372817883
3 0.713494547570921 0.9703082891216149 0.7037614746542543 0.8515933233013024 0.7756654459186624 0.8482772821674476 0.785398518835329 0.9669922479877601
0 0.70857047533231 0.6314974990998349 0.7073867188218933 0.6061203018342098 0.73901790357394 0.6052903426970401 0.7402016600843567 0.630667539962665
1 0.013262151902837797 0.14681384347447848 0.10566071238820553 0.14681384347447848 0.10566071238820553 0.21062772514946454 0.013262151902837797 0.21062772514946454
2 1.69930592280612e-18 0.5647432076101083 0.04610130213981414 0.5647432076101083 0.04610130213981414 0.5691566079404917 1.69930592280612e-18 0.5691566079404917
2 0.0 0.4665297907606379 0.05162846412701392 0.4665297907606379 0.05162846412701392 0.4709431910910213 0.0 0.4709431910910213
2 -1.6990621770259183e-18 0.6695424431293574 0.038122545322264154 0.6695424431293574 0.038122545322264154 0.6739558434597409 -1.6990621770259183e-18 0.6739558434597409
2 0.00785303524870527 0.3758790354056186 0.058897764365289526 0.3758790354056186 0.058897764365289526 0.3817688118421476 0.00785303524870527 0.3817688118421476
0 0.04786584316313197 0.17711398442337864 0.04739019811091851 0.15658353440685457 0.0655272014781818 0.15634717517227842 0.06600284653039527 0.17687762518880248
0 0.03633452826477259 0.24997451862705414 0.035836931892878385 0.22849657537075885 0.05397393526014171 0.2282602161361827 0.05447153163203592 0.24973815939247795
0 0.005445585004308564 0.5103800402912239 0.004840734571898843 0.48427264883981747 0.026556796350942175 0.4839896477488342 0.027161646783351895 0.5100970392002405
0 0.02577754765676579 0.33120461941644064 0.025219886409093915 0.30713407286455024 0.046935948188137164 0.30685107177356696 0.04749360943580903 0.33092161832545736
0 0.0 0.6933142494870106 0.013448974376282296 0.6933142494870106 0.013448974376282296 0.7243004598806927 0.0 0.7243004598806927
0 0.005082990663114404 0.5809271829017097 0.02932494613335233 0.5809271829017097 0.02932494613335233 0.6087858817283944 0.005082990663114404 0.6087858817283944
2 0.01625007117704867 0.29349975187655314 0.06837294099022365 0.29349975187655314 0.06837294099022365 0.29901864397441874 0.01625007117704867 0.29901864397441874
2 0.02667464513968366 0.21615660716640211 0.07757109448666628 0.21615660716640211 0.07757109448666628 0.2223653607765009 0.02667464513968366 0.2223653607765009
2 0.037099219102318656 0.14740040978049332 0.08462301216727232 0.14740040978049332 0.08462301216727232 0.15268934804094783 0.037099219102318656 0.15268934804094783
1 3.533747135665649e-18 0.29283013592472273 0.09239856048536782 0.29283013592472273 0.09239856048536782 0.36102052772764526 3.533747135665649e-18 0.36102052772764526
1 0.004774374685021612 0.21564441185020672 0.09717293517038943 0.21564441185020672 0.09717293517038943 0.2814476163106185 0.004774374685021612 0.2814476163106185
