3 0.5499929080668677 0.8910093617234438 0.5504330447576069 0.8327498960733931 0.7014340613621847 0.8333915834187939 0.7009939246714454 0.8916510490688447
3 0.4056601968277898 0.8912605403550686 0.4058074136246648 0.8357948421128811 0.5641248780420017 0.8360312076918064 0.5639776612451267 0.8914969059339939
4 0.43318753909813007 0.8369173521895534 0.4309468164418801 0.7422696471114284 0.9548552262013492 0.7352928528885716 0.9570959488575992 0.8299405579666966
2 0.72219580423205 0.8391781222590906 0.722010907000536 0.8325007425795982 0.794301468226419 0.8313747683249928 0.7944863654579329 0.8380521480044852
2 0.8567634590616326 0.8368830767896647 0.8565475344163063 0.8299585404019627 0.9319635258250321 0.8286357303558636 0.9321794504703583 0.8355602667435654
2 0.4615258530532553 0.8417429658624913 0.46142383129368103 0.8360762753695045 0.5331924674568683 0.8353494659671072 0.5332944892164426 0.8410161564600941
2 0.5904817390131851 0.84049090415418 0.5904214353877727 0.8340145835392374 0.6608027832164196 0.8336459497096447 0.660863086841832 0.8401222703245874
3 0.6932356772301808 0.904649420244009 0.6915419923343474 0.8333543762986965 0.8491785480302358 0.8312479186231785 0.8508722329260692 0.902542962568491
3 0.8316782967968208 0.8297993846646837 0.9999999999999994 0.8297993846646837 0.9999999999999994 0.911631675154767 0.8316782967968208 0.911631675154767
0 0.47266280260361493 0.8514077139696316 0.5053300916159588 0.8514077139696316 0.5053300916159588 0.8724081140489951 0.47266280260361493 0.8724081140489951
