1 0.7437228188019281 0.2962808021805194 0.7452646482290115 0.2227401527664569 0.8475610353647384 0.22394655377651185 0.846019205937655 0.29748720319057437
1 0.7441131996560619 0.45291255404294944 0.745088297312312 0.37342701937498074 0.8489411623231048 0.3741436593359568 0.8479660646668548 0.45362919400392554
1 0.7431761880237445 0.37320334488766066 0.7447268065133279 0.2968931031884419 0.8482508953095887 0.29807637923343305 0.8467002768200055 0.3743866209326518
1 0.7422624519646331 0.220983738005809 0.7474634610792165 0.14629855734174652 0.8474844555874503 0.15021657937700347 0.842283446472867 0.224901760041066
2 0.7453134346888044 0.3547220998321185 0.7448125604664457 0.3140701305693951 0.7497399773320835 0.314035980709591 0.7502408515544422 0.3546879499723144
2 0.7445251951076145 0.27898672914898137 0.7453695645062594 0.2400048313847873 0.7497729883803536 0.240058482966092 0.7489286189817086 0.27904038073028614
4 0.7506437716487265 0.4500351991489006 0.7507464151166594 0.15043334767912517 0.8401403039682491 0.15045057497771924 0.8400376605003161 0.45005242644749466
0 0.7636548711936963 0.19082275281906255 0.765543705829113 0.17181664930343754 0.813434321514637 0.1744938060188281 0.8115454868792203 0.19349990953445312
2 0.7450045255339264 0.20589890016129575 0.7450045255339264 0.1684274328125851 0.7493098159252528 0.1684274328125851 0.7493098159252528 0.20589890016129575
2 0.74480000356087 0.43140327487631874 0.744542588632149 0.39052679519061995 0.7498935418571535 0.3905078406211427 0.7501509567858745 0.4313843203068415
