1 0.10591939298139198 0.7998831485759759 0.10572460945274614 0.7224825138103509 0.21097405998084764 0.7223335262287116 0.21116884350949347 0.7997341609943367
1 0.10695336074969514 0.884688782157798 0.10649360326271591 0.8004732059859226 0.21383790405937603 0.8001435675048566 0.2142976615463553 0.884359143676732
1 0.10689034528490224 0.7225985208432342 0.1066700490609439 0.6468337503354217 0.2101277618114519 0.6466645406802037 0.21034805803541023 0.7224293111880162
1 0.10845402528413577 0.6471599982856173 0.1084060109612191 0.5697400764106173 0.21107686867745282 0.5697042595268828 0.21112488300036947 0.6471241814018828
0 0.14433618178601973 0.8541312474883211 0.14420564793185306 0.8344698705351962 0.1932155556814282 0.8342868433319914 0.19334608953559487 0.8539482202851164
2 0.2066801645920127 0.8599417849036037 0.20658966980034596 0.8148452272864161 0.2122360252702606 0.814838853889947 0.21232652006192732 0.8599354115071347
4 0.1134970094210694 0.883172320116828 0.11097194100025758 0.569220272506322 0.20719844217765004 0.5687849340304787 0.20972351059846187 0.8827369816409847
2 0.20498045080919663 0.6263308050238074 0.20496382462421242 0.5879060890015136 0.21018569406613896 0.5879048180456248 0.21020232025112318 0.6263295340679186
2 0.20556087284410132 0.7792400682086553 0.20554231471588638 0.7363504451687668 0.21158819636418813 0.7363489736557445 0.21160675449240307 0.779238596695633
2 0.20598735910316052 0.7012997043648417 0.20597010869272608 0.6614323431608161 0.2120159903410278 0.6614308716477938 0.2120332407514622 0.7012982328518194
