1 0.7457683155860269 0.40551691881576785 0.7458041228776935 0.3424029051438928 0.8412604166561538 0.3424333681508237 0.8412246093644872 0.40554738182269867
1 0.740913794920584 0.3429560053866044 0.7412993743476672 0.2873842890780107 0.833957275328779 0.2877459195583321 0.8335716959016956 0.3433176358669258
1 0.7322104468944314 0.23572290776262997 0.7324013648631814 0.18452698491106753 0.8187080077999827 0.18470802642811143 0.8185170898312326 0.23590394927967387
1 0.7369394416207935 0.28734419033852737 0.7373784064645434 0.23452682278481643 0.8266559243027601 0.2349441893175382 0.8262169594590102 0.2877615568712491
4 0.7499387557125627 0.4121483930232811 0.7362139392392545 0.18614652460414202 0.8175003971615926 0.18336978443796037 0.8312252136349009 0.40937165285709937
0 0.7494826296568169 0.2015353439018085 0.7889776512639478 0.2015353439018085 0.7889776512639478 0.21537705708187768 0.7494826296568169 0.21537705708187768
2 0.7341100504953789 0.19808528820146498 0.7386723163459152 0.19808528820146498 0.7386723163459152 0.22608101046611923 0.7341100504953789 0.22608101046611923
2 0.737322885105018 0.2469159221633224 0.7432353119169322 0.2469159221633224 0.7432353119169322 0.2756849257968939 0.737322885105018 0.2756849257968939
2 0.7420816676609472 0.29991145517253304 0.748138300004857 0.29991145517253304 0.748138300004857 0.3308435417860723 0.7420816676609472 0.3308435417860723
2 0.7461194225568871 0.3561516126516953 0.7537623157527731 0.3561516126516953 0.7537623157527731 0.38892231979820724 0.7461194225568871 0.38892231979820724
