1 0.3789065762274578 0.8089801436203088 0.37393517074762495 0.6698291835613087 0.558361762542073 0.6661228965555607 0.563333168021906 0.8052738566145609
4 0.3875432519736515 0.9727787446224813 0.3738540719066333 0.422225163048716 0.5601999590013306 0.4196188883829672 0.5738891390683488 0.9701724699567323
1 0.1517702690259033 0.8174262166107888 0.14883938264886706 0.6783097157109892 0.32966265932034117 0.6761668389344311 0.33259354569737737 0.8152833398342307
1 0.5883116049719568 0.5323355114641088 0.5732540009072065 0.41419730206110317 0.74327968232977 0.4020073347752539 0.7583372863945204 0.5201455441782596
1 0.6014889073869583 0.6586017537375681 0.5871503567550649 0.532281677644366 0.7678429810398323 0.5207445996713805 0.7821815316717257 0.6470646757645828
1 0.3838209659173057 0.9719844393787782 0.37540291406766196 0.8129861684705184 0.5719059201054917 0.8071340794997185 0.5803239719551354 0.9661323504079783
4 0.15279585656563197 0.9735465388204129 0.17410528930533914 0.43202015115302345 0.3431338837042149 0.43576155830200225 0.32182445096450774 0.9772879459693915
4 0.6476591013957206 0.9669689283532935 0.5798851951485902 0.41331315181635453 0.7674169182878422 0.4004003658343872 0.8351908245349727 0.9540561423713263
1 0.37289313662107193 0.5430539906271157 0.3620125377914365 0.4269188720734342 0.5274350200178004 0.4182010843360194 0.5383156188474357 0.5343362028897009
1 0.6419577890916295 0.9675208261423982 0.6196312916957962 0.8049937265330231 0.8200170302693128 0.7895096914357267 0.8423435276651462 0.9520367910451017
1 0.3752327958778386 0.6672296625106386 0.36956372871166393 0.5449345916761442 0.5433361491567742 0.5404034668484583 0.5490052163229489 0.6626985376829526
3 0.6092244861467061 0.8075900793380738 0.5884231352352477 0.6539564123458863 0.6550501720564187 0.6488820886306761 0.6758515229678771 0.8025157556228636
2 0.15070373592666977 0.7874336876005192 0.1522067565922952 0.7137036963723837 0.16069615566994577 0.7138010428510345 0.15919313500432034 0.7875310340791699
2 0.37094455975821883 0.5186022202016011 0.36748671470613553 0.45771971287738233 0.3748406364163175 0.45748477419564004 0.3782984814684008 0.5183672815198588
2 0.37392583362267545 0.6404685507846221 0.3711588242542558 0.5734803123581161 0.37820415307650385 0.5733166171876897 0.3809711624449236 0.6403048556141955
3 0.13076775482573844 0.998656034999836 0.13528034988383328 0.8220327699143833 0.2097050627138219 0.8231023619215533 0.20519246765572705 0.999725627007006
0 -0.0005025111330151285 0.5232217543025179 -0.004638273665567223 0.4989653150935336 0.04706045900708434 0.494007035980685 0.05119622153963644 0.5182634751896694
0 0.6199192881140888 0.47980712900944217 0.6175407542875343 0.4561990596827608 0.6793334688439492 0.45269712000177914 0.6817120026705037 0.4763051893284605
2 0.6345467894417666 0.9190580747386385 0.6252061396507357 0.8371102888985299 0.6361263636131488 0.836410134312563 0.6454670134041797 0.9183579201526716
2 0.3767766530970128 0.7769076826170318 0.3748624343527791 0.7026274234682285 0.38164360216069165 0.7025291253570698 0.3835578209049254 0.7768093845058731
2 0.3799930455302684 0.9276092247976083 0.37865726675357353 0.8464800082279793 0.3879734292314725 0.8463937268966356 0.3893092080081674 0.9275229434662646
0 0.40229134789968746 0.49236107047433775 0.40030737980072917 0.47169554313058776 0.45972364098377677 0.4684869397307338 0.4617076090827351 0.4891524670744838
2 0.5844498661536421 0.5045399917767649 0.5754643739448659 0.44317535853611995 0.5855267138535714 0.4423465671290296 0.5945122060623476 0.5037112003696745
2 0.5994913689759906 0.6280534477977693 0.5896379194275345 0.5607612724057927 0.5997002593362398 0.5599324809987023 0.6095537088846958 0.627224656390679
3 0.5921802326667396 0.6448913856078893 0.6724516765479721 0.6448913856078893 0.6724516765479721 0.8062369878091715 0.5921802326667396 0.8062369878091715
