1 0.7547849935546754 0.41317448065629764 0.7550870768880088 0.32567606757036016 0.8767054035807412 0.32591225030073373 0.876403320247408 0.4134106633866712
1 0.7568223470441892 0.2341285600072729 0.7571630045962725 0.14194002240961662 0.8872119954037275 0.14221033769780528 0.8868713378516442 0.23439887529546152
4 0.7568321942738722 0.4111444536092575 0.7680914446873265 0.027537367058771793 0.8842076550979091 0.02945443823381095 0.8729484046844547 0.41306152478429664
1 0.7570298665976793 0.3246698416519019 0.757312744201846 0.23601754367826908 0.8823042805377375 0.2362418862533714 0.8820214029335709 0.32489418422700417
1 0.7551745605380582 0.13968820667840112 0.7551371256422249 0.030282856946955802 0.8946389160244422 0.030256007188786387 0.8946763509202755 0.13966135692023168
2 0.8785133989122759 0.21179920751311163 0.8786029171414425 0.16100919896819 0.8856731731183183 0.16101620852985926 0.8855836548891516 0.2118062170747809
2 0.8737988649858202 0.30206870758771937 0.8739997036535881 0.25539199002220775 0.8813098489462237 0.2554096827811262 0.8811090102784556 0.30208640034663786
2 0.8672019071052277 0.3904947532755933 0.8673123484987192 0.3443332687663165 0.875853734644202 0.344344763607991 0.8757432932507105 0.3905062481172678
0 0.8009585398803185 0.3811414195816297 0.8009417755574018 0.35969793813631723 0.8568209562036664 0.35967336484792795 0.856837720526583 0.38111684629324044
2 0.8829102104449132 0.11382268568965773 0.8829384778186753 0.058479416803097095 0.8931408184271952 0.058482347986542345 0.8931125510534331 0.11382561687310297
