4 0.5613385469956652 0.5499890670136766 0.5540480659597198 0.08032681401767308 0.70165160017253 0.07903800130686701 0.7089420812084755 0.5487002543028705
1 0.15662460849826274 0.212868491325144 0.15422415516384982 0.09622336156874729 0.30612842124024164 0.09446495557861655 0.30852887457465455 0.21111008533501324
4 0.1715430720407723 0.5544471440334289 0.1604724707189419 0.09442139160309977 0.29502849753559746 0.09259995211245671 0.3060990988574278 0.5526257045427858
1 0.5520285741083015 0.4336468963644113 0.5507881769728847 0.31489897155972374 0.7105388997624824 0.31396032934066287 0.7117792968978992 0.43270825414535047
1 0.7521184893730738 0.19134577713742126 0.7471997954626 0.071044397021956 0.9183913648935383 0.0671072277416212 0.9233100588040122 0.18740860785708646
1 0.7641333089406576 0.5529956415557019 0.7630587414699713 0.43161803973489027 0.9341301036761637 0.430766127260865 0.9352046711468499 0.5521437290816766
3 0.34826724901959705 0.5574681993530894 0.3474090133425136 0.4230153184937143 0.426135375867026 0.4227326488543939 0.4269936115441094 0.5571855297137689
1 0.5495390428756604 0.20109327130510146 0.5460205829106795 0.07980238140815238 0.7056282881749847 0.07719802263584045 0.7091467481399656 0.19848891253278955
1 0.5548970946657679 0.5536474573096573 0.5528414306032678 0.43097799319832913 0.7117767741493363 0.42947983150870217 0.7138324382118363 0.5521492956200302
4 0.36298362973875065 0.5513513453622768 0.3554021187886994 0.09131360611815717 0.49917685437974757 0.08998079867200376 0.5067583653297988 0.5500185379161233
1 0.1600215705902922 0.4424039810683214 0.15717273432727125 0.3218293961073838 0.30670669783506443 0.31984204736314475 0.3095555340980854 0.44041663232408235
1 0.552657552139467 0.31863962162247456 0.5508024089103003 0.19627548588028706 0.708623453719908 0.19492959224471296 0.7104785969490747 0.3172937279869005
1 0.1570102590262907 0.3249949978306532 0.15558891299764488 0.21081373867537972 0.30537408359808593 0.20976492983920225 0.30679542962673173 0.32394618899447575
0 0.18158848111119957 0.16384811414225042 0.18088197883255372 0.14118545545084416 0.23420835319869626 0.1402503355647808 0.23491485547734212 0.16291299425618705
0 0.7926505289101641 0.14223184131471592 0.7925173908893307 0.11565597461549718 0.8532276776607682 0.11548489452512775 0.8533608156816016 0.14206076122434652
4 0.7566383079328548 0.07204631532151601 0.9102681671649101 0.06894386836457393 0.9274819103575626 0.5484223417724405 0.7738520511255073 0.5515247887293826
1 0.3529837163642125 0.43698903048089965 0.35353921766629576 0.3157059494262121 0.5101006390125576 0.316109308789034 0.5095451377104745 0.4373923898437216
3 0.7545617749350978 0.27793661655770013 0.8490259971407137 0.27793661655770013 0.8490259971407137 0.4239529600279668 0.7545617749350978 0.4239529600279668
0 0.580376994001807 0.12457283052506643 0.6388720622483599 0.12457283052506643 0.6388720622483599 0.1475014529550424 0.580376994001807 0.1475014529550424
0 0.0 0.15060674615049888 0.04838480953727213 0.15060674615049888 0.04838480953727213 0.17169385772367846 0.0 0.17169385772367846
2 0.5499102361937259 0.2904250915375508 0.5493882635374759 0.2257526061859886 0.5561302165242583 0.22572199808057947 0.5566521891805083 0.2903944834321417
2 0.15726172819334855 0.19187557388731874 0.1568039238313694 0.12784432388731895 0.1623621218915617 0.12782197044090576 0.16281992625354086 0.19185322044090558
2 0.7543438950591902 0.10478505366986185 0.7611755342644556 0.10478505366986185 0.7611755342644556 0.16702887754005327 0.7543438950591902 0.16702887754005327
2 0.756793809738791 0.22051013212549525 0.7643845199668602 0.22051013212549525 0.7643845199668602 0.28332325926279206 0.756793809738791 0.28332325926279206
2 0.7613482358756343 0.45715052348564383 0.7686859224294373 0.45715052348564383 0.7686859224294373 0.5178762053102208 0.7613482358756343 0.5178762053102208
2 0.5524213091001289 0.45924130072054536 0.559863054565968 0.45924130072054536 0.559863054565968 0.5217519626335912 0.5524213091001289 0.5217519626335912
2 0.5506891644720715 0.3431707766246809 0.5572804247418145 0.3431707766246809 0.5572804247418145 0.4055219725634588 0.5506891644720715 0.4055219725634588
2 0.547499844986712 0.112104579910386 0.5547289691535269 0.112104579910386 0.5547289691535269 0.17365844597782407 0.547499844986712 0.17365844597782407
2 0.3534462325594299 0.34771648866780164 0.3587846103754967 0.34771648866780164 0.3587846103754967 0.40886518001547584 0.3534462325594299 0.40886518001547584
2 0.15713502835717197 0.35228112188929694 0.16290456503551304 0.35228112188929694 0.16290456503551304 0.41235218024614245 0.15713502835717197 0.41235218024614245
2 0.15628656708094532 0.2401569642359477 0.16256518052502236 0.2401569642359477 0.16256518052502236 0.3002280225927932 0.15628656708094532 0.3002280225927932
1 0.7566848400163475 0.1906839746173155 0.9212420489026588 0.1906839746173155 0.9212420489026588 0.3055441198824647 0.7566848400163475 0.3055441198824647
