1 0.06712000253088575 0.2786343410189563 0.07189016447750032 0.22024911763028437 0.15324350251468713 0.22398788188143437 0.14847334056807257 0.28237310527010623
1 0.3078562617908297 0.29476563282105805 0.31134747272832963 0.22916028614137054 0.39948954305943063 0.23179869823362953 0.39599833212193064 0.297404044913317
1 0.14972678166000747 0.2822482531560731 0.15337660262354913 0.222791939069159 0.23128399104507064 0.22548207826482533 0.22763417008152897 0.28493839235173934
1 0.22635447129381042 0.2877948976028231 0.2319413039761021 0.22419722609403409 0.3119244186801479 0.22814948411104402 0.30633758599785627 0.2917471556198331
4 0.06905513049021389 0.2798797305708091 0.07219668148455163 0.22464189801368395 0.3954788445550603 0.23498406997318239 0.3923372935607226 0.29022190253030755
0 0.3417087773550099 0.2659292489594924 0.34394295321662327 0.23736910061362176 0.3664396965229605 0.23835901828286243 0.3642055206613471 0.26691916662873305
2 0.25034111571084294 0.2312443812567989 0.2506488408992017 0.2273147153489697 0.297348506669848 0.22937175998780904 0.2970407814814892 0.23330142589563824
2 0.17075006332285467 0.22831935814982085 0.17097487363607647 0.2248340233711779 0.216388366552019 0.226481727249321 0.2161635562387972 0.22996706202796396
2 0.09443956303839114 0.22560540737259419 0.0947122920569127 0.22272372888588401 0.1388268561744488 0.22507222769629787 0.13855412715592721 0.22795390618300804
2 0.32929714935513443 0.23316368019802539 0.3295081894848655 0.22986192433034974 0.3763632324574563 0.23154653270037412 0.37615219232772523 0.23484828856804976
