4 0.449922862744262 0.48048828378532576 0.45064256357156024 0.4056841817650061 0.8791202485157931 0.4080030566863346 0.8784005476884948 0.48280715870665425
3 0.5689386818686744 0.26933400052084955 0.5608591914446766 0.20333669052447675 0.6751312981012263 0.19546767328383893 0.6832107885252241 0.26146498328021167
3 0.7791362206548783 0.4911971927304268 0.778787496616205 0.4515692260880366 0.9185623067281401 0.4508773448805327 0.9189110307668134 0.49050531152292287
3 0.43306238061118973 0.48544416545514657 0.4318737033665245 0.43507583229181307 0.5480469298988802 0.4335336527127622 0.5492356071435455 0.4839019858760956
3 0.7788010107784248 0.25995145378242773 0.7757338106671462 0.23459375972148727 0.9191363427556386 0.22483686317585277 0.9222035428669172 0.25019455723679324
3 0.6742402162358219 0.261170104354754 0.6674284932424918 0.19460388524641797 0.7901316521946307 0.18754101286961394 0.7969433751879609 0.25410723197795
3 0.6614457322470241 0.4935123491303475 0.6618068976116074 0.46760133838816115 0.7841286631415684 0.4685604033136697 0.7837674977769851 0.4944714140558561
0 0.49842020754429 0.27652201090477857 0.49600411053908167 0.25424736796044267 0.5249036043046683 0.2524841078696355 0.5273197013098766 0.2747587508139714
3 0.5515658681218495 0.48926897880600456 0.5523150543197661 0.4624483611302238 0.665431414549492 0.4642256946908358 0.6646822283515753 0.4910463123666165
0 0.47597064483637974 0.48345890141549835 0.4757810289509631 0.46360331059518584 0.5046738512917522 0.4634481060634395 0.5048634671771689 0.483303696883752
3 0.4561281023754747 0.2783388943351374 0.45097280254280514 0.22651842811451167 0.5648944212207285 0.22014341200014262 0.5700497210533981 0.2719638782207684
4 0.46514171425492057 0.27417285161399096 0.45545849967129104 0.2029177029956174 0.869915327936527 0.1712362470464371 0.8795985425201565 0.2424913956648107
2 0.598853469154044 0.2647087539058761 0.6467582172584555 0.2610775133819958 0.6470650540174312 0.2633544631936574 0.5991603059130198 0.2669857037175377
2 0.6963898086233523 0.257635836364858 0.7505057978503845 0.2535337759043212 0.7508126346093603 0.25581072571598285 0.6966966453823281 0.25991278617651964
