1 0.7244564766573667 0.7612385796017085 0.72287135295945 0.7028843315548334 0.8027958991731383 0.70166311301848 0.804381022871055 0.760017361065355
1 0.5272730085004158 0.7621465773430546 0.526891986364999 0.705047090038367 0.6049715982213816 0.7047540154454316 0.6053526203567984 0.7618535027501192
1 0.6314280314919131 0.8218206377904771 0.6276694550689408 0.7635050433444573 0.7067617733373991 0.7606375956129 0.7105203497603716 0.8189531900589198
4 0.23922553826169227 0.8849144270462671 0.24124210474640748 0.650076070855196 0.312119994191349 0.6504184259670596 0.3101034277066338 0.8852567821581306
4 0.43494142990508566 0.8857513889470353 0.4311761240765234 0.6472099423054275 0.5049597963123461 0.6465548248050668 0.5087251021409084 0.8850962714466747
1 0.529653217376462 0.8220556919295902 0.5283775334103976 0.7636886591920881 0.6079998565233348 0.7627097715333058 0.609275540489399 0.8210768042708079
1 0.42938387546647583 0.8223002898173095 0.4295061916189145 0.7640093661433035 0.5086633919935292 0.7641027981823292 0.5085410758410905 0.8223937218563351
1 0.33372622213690994 0.7645253851439463 0.33246874467234866 0.7086246656141125 0.40795710775055977 0.7076694853343988 0.40921458521512105 0.7635702048642327
1 0.5252853567433459 0.704006462527386 0.5239075214611819 0.6456392193407048 0.6006081227272428 0.6446207465859547 0.6019859580094068 0.702987989772636
1 0.7209257121804442 0.702606256165215 0.7166421627650563 0.6433914161483801 0.795041144776496 0.6402013023808688 0.7993246941918842 0.6994161423977037
1 0.7310420572738758 0.8201510757052407 0.7272387472987163 0.7626304833066323 0.8051536233191188 0.7597325973980591 0.8089569332942783 0.8172531897966675
1 0.3330363474187842 0.8230844799784456 0.33270308101434465 0.7655328983553238 0.4095891172414803 0.765282458023037 0.4099223836459199 0.8228340396461586
4 0.7394443584434051 0.8852810830010144 0.7216738759619205 0.643276775434053 0.7941274117578999 0.6402841095405828 0.8118978942393845 0.8822884171075441
4 0.6398219412964188 0.8851563260176769 0.6243267352358858 0.6452173324434685 0.697361808939993 0.6425642513679157 0.712857015000526 0.8825032449421242
1 0.3334653820954625 0.7062308708223309 0.3323916380491243 0.6492118262971693 0.408043881094378 0.648410470894617 0.40911762514071626 0.7054295154197787
4 0.5361755152637036 0.8850580839766412 0.5267333460832166 0.6475422343357427 0.6012479687069177 0.6458759726239791 0.6106901378874047 0.8833918222648777
1 0.4270703122702955 0.7619774871689554 0.4285000233472662 0.705078288315907 0.5075413649525076 0.7061954575326822 0.5061116538755369 0.7630946563857307
4 0.3364720093879805 0.8853598749718272 0.33685149119712315 0.6483447231471036 0.40849192570053267 0.6484092433300312 0.40811244389139006 0.8854243951547549
1 0.8261510499542071 0.7595556571629519 0.821910327297957 0.7025567557957645 0.9014633773567574 0.6992274572007534 0.9057041000130074 0.7562263585679407
3 0.8269833171438559 0.8302424273314205 0.8283699754691647 0.761214713406294 0.8939209833381038 0.7619554228353648 0.8925343250127948 0.8309831367604912
1 0.7352410580081096 0.8845767182878239 0.7317029720706095 0.822961972194074 0.8120974141845998 0.8203652094788073 0.8156355001220998 0.8819799555725573
1 0.4292802932676684 0.7042051358236967 0.4285207376502453 0.6466020446422844 0.5043662772689742 0.6460394878631783 0.5051258328863973 0.7036425790445906
3 0.8198087982775407 0.7062791271324788 0.8142229834278837 0.641781622596364 0.8574719149600897 0.6396747341869817 0.8630577298097466 0.7041722387230965
3 0.629536397978806 0.9009775499333382 0.6319110861128235 0.8237782168695165 0.6869686830874383 0.8247308656435637 0.6845939949534207 0.9019301987073854
3 0.17192219104453524 0.8362774477029487 0.1680763460748675 0.7700756229093627 0.24049598707283984 0.7677091545225865 0.2443418320425076 0.8339109793161724
4 0.8433772482057306 0.8839849105626744 0.8190216317658006 0.6430148078754848 0.8916923670779752 0.638883210007274 0.9160479835179052 0.8798533126944635
2 0.23792514684567728 0.6954613672636941 0.23681015553112972 0.6657664148044966 0.24416540199801307 0.665611065752659 0.24528039331256063 0.6953060182118566
1 0.2384763060369627 0.7640080603233258 0.2382550697641901 0.7084927728932932 0.31358388586777697 0.7083239126505704 0.31380512214054956 0.763839200080603
2 0.235561116207303 0.8110179866526525 0.23595040762464445 0.7795160212601123 0.24148430510024033 0.7795544884812914 0.24109501368289887 0.8110564538738315
0 0.19894029628174936 0.6761882047539661 0.22314081473668557 0.6761882047539661 0.22314081473668557 0.6879103308805755 0.19894029628174936 0.6879103308805755
0 0.3486387189914248 0.6739277190048447 0.37561221351932245 0.6739277190048447 0.37561221351932245 0.6846099791040938 0.3486387189914248 0.6846099791040938
0 0.44455848224250016 0.6709971874731923 0.47241428733906726 0.6709971874731923 0.47241428733906726 0.6819630473980853 0.44455848224250016 0.6819630473980853
0 0.541360556062245 0.6697682548954026 0.5680819618562372 0.6697682548954026 0.5680819618562372 0.6813013144715832 0.541360556062245 0.6813013144715832
0 0.7377376797746962 0.6675939895654669 0.7654674405043106 0.6675939895654669 0.7654674405043106 0.6791270491416475 0.7377376797746962 0.6791270491416475
1 0.8345515180660861 0.8183794166725602 0.9180066698726954 0.8183794166725602 0.9180066698726954 0.881823814447175 0.8345515180660861 0.881823814447175
2 0.23823694771850648 0.7216730357517194 0.24195011710314654 0.7216730357517194 0.24195011710314654 0.7525294733380781 0.23823694771850648 0.7525294733380781
2 0.33299703041452083 0.778707317499791 0.3363388828606969 0.778707317499791 0.3363388828606969 0.8107334034423117 0.33299703041452083 0.8107334034423117
2 0.33292276702682805 0.7207818750994057 0.33611609269761844 0.7207818750994057 0.33611609269761844 0.7515269176042255 0.33292276702682805 0.7515269176042255
2 0.3332198205775992 0.6636918958105649 0.33693298996223925 0.6636918958105649 0.33693298996223925 0.693824265366919 0.3332198205775992 0.693824265366919
2 0.42901959070131285 0.661853876965168 0.4320643895967176 0.661853876965168 0.4320643895967176 0.6921533391438308 0.42901959070131285 0.6921533391438308
2 0.4284997469874633 0.7190552513355492 0.431990126209025 0.7190552513355492 0.431990126209025 0.7502458741665256 0.4284997469874633 0.7502458741665256
2 0.4296879611905481 0.7774819716028596 0.43332686718749536 0.7774819716028596 0.43332686718749536 0.8096194526269194 0.4296879611905481 0.8096194526269194
2 0.5291266373112092 0.7768136011136251 0.5335824405727773 0.7768136011136251 0.5335824405727773 0.8090067796784544 0.5291266373112092 0.8090067796784544
2 0.5265274187419609 0.7181083931424649 0.5310574853912218 0.7181083931424649 0.5310574853912218 0.7491319233511327 0.5265274187419609 0.7491319233511327
2 0.5244480438865625 0.6606842286090064 0.5286067935973592 0.6606842286090064 0.5286067935973592 0.6908165981653606 0.5244480438865625 0.6908165981653606
2 0.6287881035949484 0.7758667429205413 0.6342093308965229 0.7758667429205413 0.6342093308965229 0.807725736240753 0.6287881035949484 0.807725736240753
2 0.7329053731402556 0.834794741054779 0.7384751272172156 0.834794741054779 0.7384751272172156 0.8671550122419173 0.7329053731402556 0.8671550122419173
2 0.7278554627771452 0.7749755822682276 0.7340935873433405 0.7749755822682276 0.7340935873433405 0.8067231805069003 0.7278554627771452 0.8067231805069003
2 0.72347392290327 0.7159918865932202 0.7296377840817725 0.7159918865932202 0.7296377840817725 0.7470711143426576 0.72347392290327 0.7470711143426576
2 0.7182012223770812 0.6581221417336047 0.7246621371063547 0.6581221417336047 0.7246621371063547 0.6884216039122678 0.7182012223770812 0.6884216039122678
2 0.8226638815432425 0.7140904321726658 0.8305120965272669 0.7140904321726658 0.8305120965272669 0.7455027183834767 0.8226638815432425 0.7455027183834767
2 0.8346304667664086 0.8327461181192541 0.8424786817504333 0.8327461181192541 0.8424786817504333 0.8657319325818127 0.8346304667664086 0.8657319325818127
3 0.17033472107074124 0.6510474003812109 0.2440878992663198 0.6510474003812109 0.2440878992663198 0.7133863962369984 0.17033472107074124 0.7133863962369984
