1 0.746499755839094 0.8083278621964912 0.7464190266724273 0.7340164608293037 0.8426431478067397 0.7339576602644464 0.8427238769734062 0.8082690616316339
1 0.7451560871151357 0.8874451671755256 0.7447431639380523 0.8102808605349007 0.8458696290306976 0.8099764636838493 0.846282552207781 0.8871407703244744
1 0.749900797422085 0.9728102976170109 0.7481957192970851 0.8888758493748233 0.8486234538799984 0.8877282766017389 0.8503285320049985 0.9716627248439265
1 0.7440639648521745 0.7318181755940291 0.7449918619875912 0.6574183953205915 0.839493652335325 0.6580813605387835 0.8385657551999084 0.732481140812221
4 0.7539251147082827 0.971616742573519 0.7500113118188366 0.6595499243561371 0.8368573405249117 0.658937258261049 0.8407711434143579 0.9710040764784309
2 0.7471209833296542 0.7921307617788128 0.7463579624963208 0.7503901611928765 0.7508131791559493 0.7503443502681932 0.7515761999892826 0.7920849508541296
2 0.7496603376022779 0.9508800424232621 0.7467705264043613 0.9063463510170126 0.7537791366396066 0.9060905305958595 0.7566689478375234 0.950624222002109
2 0.7464798739253579 0.8702427273265098 0.7478276929357746 0.8268468533030731 0.7529059890905512 0.8269355737434774 0.7515581700801345 0.8703314477669141
0 0.7626108412984474 0.70604036515176 0.7633743504130307 0.6849831141751975 0.8083686508890527 0.6859007969576149 0.8076051417744694 0.7069580479341774
2 0.7449898787216395 0.6756335448630384 0.7498082212208349 0.6756335448630384 0.7498082212208349 0.7153848704813959 0.7449898787216395 0.7153848704813959
