1 0.449956868485339 0.6996792641505006 0.45004572738605303 0.6181367074419829 0.5575716876810046 0.6182026176175566 0.5574828287802907 0.6997451743260743
1 0.43930969238329626 0.4608215474167486 0.43931219665916327 0.3770973242971397 0.5537077044706962 0.3770992489948926 0.5537052001948292 0.4608234721145014
1 0.44719014794510525 0.6180181963878897 0.44694042977503046 0.5417046500940867 0.5561652512742853 0.5415036055098635 0.5564149694443601 0.6178171518036665
2 0.549773317147796 0.5996543287536199 0.549726930429046 0.557960603167683 0.5556112239500102 0.557956920692708 0.5556576106687602 0.5996506462786448
2 0.5506721845244799 0.6763525144062319 0.5508058108265632 0.6342825681171699 0.556769057398272 0.6342932224261283 0.5566354310961887 0.6763631687151903
2 0.5474333720533756 0.4420208349106543 0.547316945587225 0.399139030874949 0.5524484260244479 0.3991311939827611 0.5525648524905985 0.4420129980184664
2 0.5487884115344837 0.5213353783297154 0.5488022150043337 0.47887381849999394 0.5543823171784928 0.4788748388684046 0.5543685137086428 0.5213363986981261
0 0.489824021034644 0.6700516755940178 0.48967854802284233 0.6499225860819832 0.5406559246334045 0.6497153533711356 0.5408013976452061 0.6698444428831702
4 0.5489102314197223 0.37722217144600834 0.5544721416807323 0.6986393421494205 0.4527861635634928 0.6996291217547462 0.44722425330248267 0.37821195105133415
1 0.44517350260828276 0.5420079381547143 0.4450818684936994 0.4622142369828392 0.5546971028604673 0.4621434290327859 0.5547887369750506 0.5419371302046609
