1 0.659718688849171 0.8292401587053555 0.6599231159325043 0.7472133032366055 0.7754085491065581 0.7473751977399568 0.7752041220232248 0.8294020532087067
1 0.6385054932165009 0.5858595197046914 0.6383140869665008 0.5032536542261757 0.7544840494267284 0.503102241769918 0.7546754556767283 0.5857081072484336
4 0.6705492416426568 0.8342017377043913 0.6416314614512879 0.5082327921604476 0.7437550386276435 0.5031367000369464 0.7726728188190124 0.8291056455808902
1 0.652853288057313 0.7455811905137747 0.6527619794635631 0.6667957901231498 0.7683927408983835 0.6667204091360661 0.7684840494921334 0.745505809526691
0 0.7045336913552042 0.8003522434112061 0.7045148111468709 0.7812659397002686 0.756104003957296 0.7812372341278565 0.7561228841656293 0.800323537838794
2 0.7593244786045492 0.727835856041454 0.7592083752838645 0.6847096317344532 0.7681585307660046 0.6846960780830795 0.7682746340866893 0.7278223023900804
2 0.7525323539071924 0.6471629377785532 0.7523219468032573 0.6046308899076444 0.7605316335583674 0.6046080447995033 0.7607420406623024 0.6471400926704121
2 0.744673705707315 0.5669732049378047 0.7444200362640521 0.5244433763410176 0.7534578458315601 0.5244130541739461 0.7537115152748229 0.5669428827707331
1 0.6453943832291376 0.6647911530715586 0.6451901189062208 0.5869306794387461 0.7602602539225449 0.5867608704690249 0.7604645182454618 0.6646213441018374
2 0.764886134283019 0.8088699673701537 0.7646313276043443 0.7650815336645022 0.774782217988349 0.7650483076644933 0.7750370246670237 0.8088367413701448
