4 0.15227332800075988 0.10537904261218742 0.2712120471801122 0.100945190255318 0.2972017227827169 0.4931071060304788 0.17826300360336453 0.49754095838734824
1 0.150151878595353 0.10674764215946238 0.28447847750935085 0.10674764215946238 0.28447847750935085 0.208014956404911 0.150151878595353 0.208014956404911
1 0.15588509291410485 0.2118036448955536 0.2893994976271979 0.2118036448955536 0.2893994976271979 0.3042866289615629 0.15588509291410485 0.3042866289615629
1 0.16827611666816442 0.4014097102943574 0.29672421236108043 0.4014097102943574 0.29672421236108043 0.49359520897269693 0.16827611666816442 0.49359520897269693
1 0.1632205694913865 0.30817348137497746 0.2939515560865392 0.30817348137497746 0.2939515560865392 0.39815082401567964 0.1632205694913865 0.39815082401567964
0 0.21651935391128035 0.4379940330982204 0.27534730669998947 0.4379940330982204 0.27534730669998947 0.4598624408245082 0.21651935391128035 0.4598624408245082
2 0.28484151658374973 0.329808998963873 0.29415485134132835 0.329808998963873 0.29415485134132835 0.37873760791537775 0.28484151658374973 0.37873760791537775
2 0.2770827862903843 0.13414148571514697 0.2851628032238457 0.13414148571514697 0.2851628032238457 0.1872228449373261 0.2770827862903843 0.1872228449373261
2 0.2818908217040874 0.23368749119268847 0.2886562014249855 0.23368749119268847 0.2886562014249855 0.28386405745601606 0.2818908217040874 0.28386405745601606
2 0.2916630368564958 0.4217086692693149 0.2971129260761082 0.4217086692693149 0.2971129260761082 0.4696301089590097 0.2916630368564958 0.4696301089590097
