1 0.27461179120008217 0.2926889816352275 0.2733010815646655 0.23586598358835248 0.3594802343723295 0.2347478154955949 0.36079094400774625 0.2915708135424699
1 0.1683344929259001 0.29458674543310115 0.16862351473579593 0.2390955497543902 0.2539834836934075 0.23934563225821276 0.25369446188351175 0.29483682793692373
1 0.7108237441435576 0.28078717051637786 0.7086104399539775 0.22553025301486057 0.7964283678602412 0.2235516431763858 0.7986416720498213 0.27880856067790305
1 0.7172365242660793 0.3402202800668858 0.7143974641292717 0.2819409294792293 0.8035458938970291 0.27949808334682485 0.8063849540338367 0.3377774339344814
1 0.49268362528229553 0.2855097107996192 0.49117272033437887 0.2311553406824317 0.5769671542435729 0.22981386033117532 0.5784780591914896 0.2841682304483628
1 0.6052156991318016 0.34081822790069166 0.6047748557481981 0.28463398771667753 0.6937577315187711 0.2842412534650652 0.6941985749023746 0.3404254936490793
1 0.49333200761328466 0.34337651752706627 0.49267429276953467 0.28656938862081627 0.5810103353772884 0.28599408743479104 0.5816680502210384 0.34280121634104105
4 0.7297917829139952 0.4057522474714626 0.7042763433812445 0.16865815071179094 0.788058024596308 0.1635864465730386 0.8135734641290587 0.40068054333271025
1 0.38087392447203056 0.28707170039021407 0.3820561347584888 0.23205650263630792 0.46814554856861773 0.2330971038615717 0.46696333828215947 0.2881123016154778
4 0.6153678271005908 0.40707836676483566 0.600679990911197 0.17153031395994134 0.6838319538758063 0.16861373771181346 0.6985197900652002 0.40416179051670775
3 0.09255684877351551 0.3499256637116398 0.09884102249749764 0.2732290668713143 0.1730650687018394 0.2766499579053914 0.16678089497785728 0.35334655474571686
4 0.8478269268942824 0.4060279658276096 0.8123968025964398 0.167099644723917 0.893339453212767 0.16034807132531012 0.9287695775106096 0.3992763924290027
1 0.49089587640802196 0.231456129024489 0.4873550767898412 0.17272286586980637 0.5723293627197606 0.1698413085044224 0.5758701623379414 0.22857457165910502
1 0.8404424530437062 0.4041140034633012 0.8336211639812062 0.3399103291468949 0.9243898688472602 0.33448576016504517 0.9312111579097602 0.39868943448145144
1 0.2731307444203073 0.35050686057609903 0.27357573139947394 0.2915157717089115 0.35957046104001894 0.2918806560725041 0.35912547406085227 0.35087174493969153
1 0.17188717524094874 0.23885575813742055 0.1736979067239759 0.18217411964841482 0.25707881838478647 0.18367242669796446 0.25526808690175934 0.24035406518697017
3 0.8235475658572562 0.3343435451658328 0.8227628186111865 0.2480092669519038 0.8757792129169119 0.24773819832728125 0.8765639601629815 0.3340724765412103
1 0.7238593782173413 0.40560508031244036 0.7187244498319246 0.34366660374994035 0.8098260058972422 0.33941823511724717 0.8149609342826588 0.4013567116797471
4 0.6146677434771469 0.4115826806937752 0.5984450872271468 0.17061600588908765 0.6827632461061863 0.16742293454059978 0.6989859023561864 0.4083896093452873
1 0.8198478963482653 0.27740975339376633 0.8186068210181974 0.2219681127640679 0.9070141131533942 0.22085491407871571 0.9082551884834622 0.27629655470841413
1 0.7062277033989341 0.22584848537170635 0.7017960160571998 0.16846837798215814 0.7872238347308177 0.16475704774198144 0.7916555220725521 0.22213715513152965
1 0.2763894755935572 0.2346771111424574 0.27678292506088026 0.17773544859478585 0.3605603093229842 0.17806106639776145 0.3601668598556611 0.235002728945433
4 0.1629373297401115 0.4174701686855438 0.17898405429630004 0.17994263713884315 0.2609722953113431 0.18305827188406348 0.24492557075515453 0.4205858034307641
1 0.8142364960470119 0.22400699094550583 0.8094519908386786 0.16754120115058396 0.894296875632715 0.16349730666149745 0.8990813808410484 0.21996309645641932
4 0.2737367453081408 0.41457971750484796 0.27994274754858317 0.17660727098544401 0.36257289643897356 0.1778193929321702 0.3563668941985312 0.41579183945157416
1 0.3830355092694528 0.23208359429758965 0.38187750332584686 0.17558508610804074 0.46602984732140346 0.1746148832447915 0.4671878532650094 0.2311133914343404
2 0.272889034153444 0.3387704973273087 0.2737083106612575 0.3061858379761792 0.27720405183771674 0.30623527805036344 0.2763847753299032 0.33881993740149297
4 0.38555785522634506 0.4120327989429042 0.38650277616599243 0.17507398489660833 0.4695361483790553 0.17526023555151776 0.46859122743940784 0.4122190495978136
2 0.4921069054223598 0.27466144306492235 0.49059583979345045 0.2424894803210197 0.4946895327442551 0.2423813260780252 0.49620059837316444 0.27455328882192787
2 0.16268913963428835 0.34238613071245744 0.16552545028588062 0.3097066824921702 0.17101528931049362 0.30997469879855927 0.16817897865890138 0.34265414701884644
1 0.38142230986148035 0.34515924995795344 0.3820260380310508 0.28856479717382116 0.469835420324598 0.28909170060176026 0.4692316921550275 0.34568615338589254
2 0.6076221109431434 0.38629302872272964 0.6053757730525184 0.3461558827266359 0.6116147054631065 0.3459594737186766 0.6138610433537315 0.38609661971477033
3 0.6114566198337474 0.4035305709848569 0.6004016276745212 0.3233443987967429 0.6655215015916123 0.31829435628063 0.6765764937508385 0.398480528468744
0 0.8357563005521748 0.1864591181831036 0.8646809487624184 0.1864591181831036 0.8646809487624184 0.1968143170136591 0.8357563005521748 0.1968143170136591
0 0.7241648329857667 0.1881631382438279 0.7539633376374072 0.1881631382438279 0.7539633376374072 0.19904265093922166 0.7241648329857667 0.19904265093922166
0 0.5072736642310095 0.19261980609495308 0.5377712540357676 0.19261980609495308 0.5377712540357676 0.2036303972565564 0.5072736642310095 0.2036303972565564
0 0.40040102144814554 0.19556907158466824 0.42984998352322734 0.19556907158466824 0.42984998352322734 0.2073661335435291 0.40040102144814554 0.2073661335435291
0 0.29326622173286265 0.20022235713510772 0.3230647263845033 0.20022235713510772 0.3230647263845033 0.21097079136429192 0.29326622173286265 0.21097079136429192
0 0.1893646908507489 0.2042857895876043 0.21933796679066897 0.2042857895876043 0.21933796679066897 0.21536191998231236 0.1893646908507489 0.21536191998231236
1 0.7201324691930906 0.3409211369210298 0.8136282072390869 0.3409211369210298 0.8136282072390869 0.4028543745822405 0.7201324691930906 0.4028543745822405
2 0.1685065707029622 0.2542628879041229 0.1735166768685607 0.2542628879041229 0.1735166768685607 0.2843861512247838 0.1685065707029622 0.2843861512247838
2 0.17243115386601437 0.19946485171788952 0.17835977949530593 0.19946485171788952 0.17835977949530593 0.22908710442199054 0.17243115386601437 0.22908710442199054
2 0.276311941963413 0.19357855153531245 0.28170377567254073 0.19357855153531245 0.28170377567254073 0.22469880913908208 0.276311941963413 0.22469880913908208
2 0.27467094909541767 0.2491378814945847 0.2789687875592151 0.2491378814945847 0.2789687875592151 0.28060978042721046 0.27467094909541767 0.28060978042721046
2 0.3815699130676883 0.3035836805791458 0.3864147491541509 0.3035836805791458 0.3864147491541509 0.3354072208406277 0.3815699130676883 0.3354072208406277
2 0.381648055585212 0.24655917841630626 0.3860240365665329 0.24655917841630626 0.3860240365665329 0.27750361535564777 0.381648055585212 0.27750361535564777
2 0.3829764783831129 0.19099984845703397 0.38633660663662717 0.19099984845703397 0.38633660663662717 0.22200289228451817 0.3829764783831129 0.22200289228451817
2 0.4895628722852892 0.18695597317518822 0.49346999816146875 0.18695597317518822 0.49346999816146875 0.21790041011452976 0.4895628722852892 0.21790041011452976
2 0.49339185564394517 0.29983283973801356 0.4973771240376482 0.29983283973801356 0.4973771240376482 0.3323596626572078 0.49339185564394517 0.3323596626572078
2 0.6070110761232445 0.35638848679571145 0.6114651996220891 0.35638848679571145 0.6114651996220891 0.3899116268133315 0.6070110761232445 0.3899116268133315
2 0.6045105155624896 0.2976643848767339 0.6098242067540937 0.2976643848767339 0.6098242067540937 0.32942931825007304 0.6045105155624896 0.32942931825007304
2 0.7030482301597363 0.18232602901191558 0.7099247717018121 0.18232602901191558 0.7099247717018121 0.2118052937476898 0.7030482301597363 0.2118052937476898
2 0.7091433465265762 0.2375337176423317 0.7157854605160815 0.2375337176423317 0.7157854605160815 0.268126513252817 0.7091433465265762 0.268126513252817
2 0.7147696077882748 0.29438239914074316 0.7213335792602562 0.29438239914074316 0.7213335792602562 0.32626454629036766 0.7147696077882748 0.32626454629036766
2 0.7206302966025439 0.35386839060557584 0.7273505531095726 0.35386839060557584 0.7273505531095726 0.3868054617417689 0.7206302966025439 0.3868054617417689
2 0.8353435123271734 0.3515827219680109 0.8437047617021974 0.3515827219680109 0.8437047617021974 0.3844611862160611 0.8353435123271734 0.3844611862160611
2 0.8188554411296959 0.23495501456405318 0.8273729755397673 0.23495501456405318 0.8273729755397673 0.2664269134966789 0.8188554411296959 0.2664269134966789
2 0.8104941917546727 0.1806264292557775 0.8190898686822676 0.1806264292557775 0.8190898686822676 0.2103554627502195 0.8104941917546727 0.2103554627502195
4 0.5009877413822156 0.4080962985344194 0.49116523092502884 0.1719729848406442 0.5733960241856707 0.17004882725571796 0.5832185346428574 0.40617214094949317
