1 0.6426523843927977 0.27309308566067486 0.6419570718927977 0.15918207491848735 0.797092997430917 0.15864941595530516 0.797788309930917 0.2725604266974927
1 0.6351154784464309 0.16161984627708337 0.6343741067241077 0.038283660008080686 0.7903498555604123 0.03775627824492924 0.7910912272827354 0.1610924645139319
1 0.6574304810636248 0.4896825439039227 0.6567822865229296 0.37859199890247347 0.8066468459253839 0.3781001295768572 0.8072950404660791 0.4891906745783064
1 0.6494074877489504 0.3800993113163497 0.6491821679883008 0.2700373611208908 0.8023098364950505 0.2698610262215457 0.8025351562557002 0.3799229764170046
2 0.7972903227543775 0.45897984159793837 0.7971453032231274 0.39930711210575115 0.8059881156890562 0.39929502385291055 0.8061331352203064 0.45896775334509776
2 0.7925925348844248 0.35025900693045736 0.7925904443449253 0.29128836518571166 0.8021144031399211 0.29128817526927275 0.8021164936794206 0.35025881701401845
4 0.6671544390340184 0.4896478823041702 0.6473829546590183 0.036178766093232693 0.7810311078409816 0.032901006855986084 0.8008025922159819 0.4863701230669236
2 0.7874550567941847 0.24039931999460976 0.7872971582038542 0.1796493088354103 0.7965113431250309 0.1796358374785321 0.7966692417153615 0.24038584863773155
0 0.7120893552429841 0.4497680143048718 0.7119659828471508 0.4212879728009655 0.7825597332986823 0.421115957863097 0.7826831056945157 0.4495959993670033
2 0.781541855956024 0.12727459466860155 0.7813525655914406 0.06718424737856275 0.7894465962809682 0.06716990533070963 0.7896358866455516 0.12726025262074842
