1 0.7433225097801112 0.25952285408268283 0.7432834472801111 0.18695626472721408 0.8455585123553057 0.18692529655208276 0.8455975748553057 0.25949188590755146
1 0.7554378430455663 0.48983036397454804 0.7553956880976497 0.410422160849548 0.8690161946550343 0.4103882325232469 0.8690583496029509 0.48979643564824693
1 0.751649113329181 0.4086390139047858 0.7518538659333478 0.33444278587744136 0.8603429362386025 0.3346111913192786 0.8601381836344358 0.408807419346623
1 0.7465655551221861 0.3326200006065526 0.7468362256951029 0.2605496881065526 0.8542215983265602 0.26077654516281035 0.8539509277536436 0.33284685766281036
4 0.7679132701205682 0.49628553622788 0.7458860195703452 0.18802606422738757 0.8383071294786323 0.1843112459977537 0.8603343800288553 0.49257071799824614
2 0.7432707046678901 0.24440683729736623 0.7432360366991402 0.20609040052978816 0.7494325876283457 0.20608724686280336 0.7494672555970957 0.24440368363038142
2 0.7513029791811603 0.39686666311243085 0.751603434910327 0.3500232182882126 0.7597424906156258 0.35005258316697596 0.7594420348864591 0.3968960279911942
2 0.747197911144416 0.3163175792254122 0.747212447545528 0.27640947750052886 0.7539894103768191 0.2764108660247445 0.7539748739757071 0.31631896774962787
2 0.7562876901176925 0.46591601969950375 0.7562923308821414 0.4278193545201753 0.7641900631648895 0.42781989568243206 0.7641854224004405 0.4659165608617605
0 0.7630480208643046 0.21279935886021353 0.810854920563721 0.21279935886021353 0.810854920563721 0.23099452217864797 0.7630480208643046 0.23099452217864797
