1 0.3586011741996763 0.7692842078152994 0.35836167224655113 0.7129148230496742 0.4345919301582483 0.7127326367645159 0.4348314321113735 0.7691020215301411
1 0.17720786046559917 0.7149707798464463 0.17865439366872413 0.6627548374636337 0.25370705168316565 0.6639243742607515 0.2522605184800407 0.716140316643564
4 0.15943286304807683 0.8326052398923594 0.19649346696254 0.6051604453772361 0.2686598604094363 0.6117748996568316 0.23159925649497312 0.8392196941719549
1 0.4548396006395117 0.7677928597011524 0.454189535535345 0.7133900276699024 0.5284615886556119 0.7128908176410877 0.5291116537597785 0.7672936496723378
4 0.06321419546156753 0.83447877020397 0.11099370151823366 0.6057513923781358 0.1798908904627608 0.6138469642740809 0.13211138440609468 0.8425743420999151
1 0.36213827930194525 0.7111083575880701 0.3632698710988203 0.6610979816115077 0.43521738177795594 0.6620137127244299 0.43408578998108094 0.7120240887009923
1 0.5450267415300698 0.6594275280186679 0.5406532877540281 0.6064137340733554 0.6101874205848762 0.6031870516402901 0.6145608743609179 0.6562008455856025
1 0.27665608686390714 0.6616452220149504 0.27768546511911546 0.6085462229915128 0.3487660322767179 0.6093213307194247 0.3477366540215095 0.6624203297428622
1 0.5462250008592512 0.7119482183307673 0.5448523608852929 0.6597076177448298 0.6170230050792326 0.6586409440388159 0.618395645053191 0.7108815446247534
1 0.26865076024037926 0.7125446412386005 0.2708226352403793 0.6608306519807879 0.34467986047254223 0.6625754385102398 0.34250798547254224 0.7142894277680524
4 0.4576314731974449 0.830063739716142 0.4579647447892213 0.6067586777493462 0.5287703274815768 0.6068181192487305 0.5284370558898005 0.8301231812155263
4 0.5544499713481132 0.8304576861357928 0.5430859557620347 0.605719705388136 0.6172966162021808 0.603608919559956 0.6286606317882594 0.8283469003076128
1 0.16847714726505214 0.7708942915431025 0.17042819706973966 0.715155155800915 0.2466235912603385 0.7166553910740848 0.24467254145565098 0.7723945268162723
1 0.5505353671655683 0.7691609117982274 0.5461021821392399 0.7122366434075084 0.6200146488300552 0.708998779258455 0.6244478338563836 0.765923047649174
4 0.6567000898800146 0.8318168263762291 0.6312577471928812 0.6062560066256949 0.7027652651673065 0.6017190182728378 0.7282076078544399 0.827279838023372
1 0.6391167111232547 0.7078602789430468 0.6347657996649214 0.6597744635133593 0.7059934628940866 0.6561492425413282 0.7103443743524199 0.7042350579710157
1 0.36482010950442845 0.6597476603347388 0.3660181773701319 0.6062133180016476 0.43693327987183733 0.6071060276112399 0.43573521200613385 0.6606403699443311
4 0.2570619245323754 0.832458867673489 0.28358820506588917 0.6053525930165117 0.3547277908788337 0.6100265109648547 0.32820151034532 0.837132785621832
3 0.6462176765205679 0.7645376324641425 0.6379273853017252 0.7045241023580042 0.6848986077814219 0.700874252468782 0.6931888990002646 0.7608877825749203
1 0.5525425165929091 0.8306000048387765 0.5492490498549275 0.7702956303105467 0.6256784258752803 0.7679476886321107 0.6289718926132619 0.8282520631603405
1 0.6522416506241497 0.8292547025717625 0.6462960126033165 0.7677376127280124 0.7228171359161295 0.76357748613566 0.7287627739369629 0.82509457597941
1 0.1859182732477199 0.6622502315930374 0.18925889010969907 0.6083978146008499 0.2597689412604605 0.6108581540232971 0.25642832439848134 0.6647105710154847
3 0.6303484334570054 0.6553838338391685 0.6241207686431494 0.5913857044668407 0.6551872521913875 0.5896852203712215 0.6614149170052436 0.6536833497435494
1 0.26112372571084996 0.7709481571377717 0.26353420748168327 0.7119407108487091 0.34123345318307724 0.7137261142642363 0.33882297141224393 0.7727335605532988
3 0.4527671304763948 0.8287707893607487 0.452610391399353 0.7642875583098762 0.49640744248496066 0.7642276760900417 0.49656418156200244 0.8287109071409142
3 0.0035929933817238123 0.7698381400732153 0.012108926283854127 0.7118762017571704 0.08588824880292278 0.7179736275049088 0.07737231590079247 0.7759355658209537
3 0.0273650385060512 0.657090556895706 0.03701747199758449 0.6027581082386462 0.10912159977423301 0.6099635430608444 0.0994691662826997 0.6642959917179042
4 0.35727102642961156 0.8311001016065898 0.3706115680448002 0.6053789462959472 0.4426754748202355 0.6077746964621504 0.4293349332050468 0.833495851772793
2 0.09764051353197983 0.6532485111646598 0.1016847143922703 0.6258646707301552 0.10629053842779279 0.626247291226133 0.10224633756750234 0.6536311316606377
2 0.0877167030796672 0.7054094475982323 0.09146811154127445 0.6764526796728741 0.0970901439048174 0.6768623741752732 0.09333873544321017 0.7058191421006313
2 0.35902840274030035 0.7560375183075964 0.35882423372560485 0.7253475648093701 0.3636878608997738 0.7253293645990951 0.3638920299144693 0.7560193180973213
2 0.16900775306227608 0.7591280382202724 0.17164248526316833 0.7285517525984296 0.17629584684171606 0.7287773016883871 0.17366111464082382 0.7593535873102298
2 0.07512133510993241 0.7305348518864446 0.08420952113395182 0.7305348518864446 0.08420952113395182 0.7606466581115973 0.07512133510993241 0.7606466581115973
2 0.17764692130656576 0.6745901116646392 0.18577398085912863 0.6745901116646392 0.18577398085912863 0.7034765081177704 0.17764692130656576 0.7034765081177704
2 0.18674569450128292 0.6241714242774077 0.19451940363851702 0.6241714242774077 0.19451940363851702 0.650937718238566 0.18674569450128292 0.650937718238566
2 0.2759666743718107 0.6221175749883091 0.28268033226305833 0.6221175749883091 0.28268033226305833 0.6492813881667123 0.2759666743718107 0.6492813881667123
2 0.26863465325373764 0.6730662879985337 0.2757899991641463 0.6730662879985337 0.2757899991641463 0.7018201780459167 0.26863465325373764 0.7018201780459167
2 0.26218600817398663 0.7272614079495919 0.26978304210355636 0.7272614079495919 0.26978304210355636 0.7579366408803254 0.26218600817398663 0.7579366408803254
2 0.36227251331587573 0.6714099579266798 0.3667777311113182 0.6714099579266798 0.3667777311113182 0.7000313415683145 0.36227251331587573 0.7000313415683145
2 0.36554100465766737 0.6203949917135809 0.3704879104722709 0.6203949917135809 0.3704879104722709 0.6479563241092291 0.36554100465766737 0.6479563241092291
2 0.4547735554916166 0.7241997080116035 0.45717378847620443 0.7241997080116035 0.45717378847620443 0.7543791080384067 0.4547735554916166 0.7543791080384067
2 0.5502181141728748 0.780005124903271 0.5541714390886664 0.780005124903271 0.5541714390886664 0.8129377333535722 0.5502181141728748 0.8129377333535722
2 0.547394310661595 0.7228231037998545 0.5514888257529508 0.7228231037998545 0.5514888257529508 0.7538496448800417 0.547394310661595 0.7538496448800417
2 0.5447116973258791 0.6687119690149548 0.5488062124172349 0.6687119690149548 0.5488062124172349 0.6977265500933549 0.5447116973258791 0.6977265500933549
2 0.5418878938145993 0.6186247542336288 0.5459824089059551 0.6186247542336288 0.5459824089059551 0.6453096974152233 0.5418878938145993 0.6453096974152233
2 0.6356381703890895 0.6681825058565898 0.6422741086405972 0.6681825058565898 0.6422741086405972 0.696879409039971 0.6356381703890895 0.696879409039971
2 0.647639335312029 0.7795815543765791 0.6541340833879725 0.7795815543765791 0.6541340833879725 0.8114552365101503 0.647639335312029 0.8114552365101503
0 0.557649330082982 0.6255934597847003 0.5826467553950941 0.6255934597847003 0.5826467553950941 0.6354608645131655 0.557649330082982 0.6354608645131655
0 0.38013002025373477 0.6279898295044705 0.4044696185839492 0.6279898295044705 0.4044696185839492 0.6373638639965125 0.38013002025373477 0.6373638639965125
0 0.2917932541131883 0.6289060885149708 0.31697862999155685 0.6289060885149708 0.31697862999155685 0.6386325303187437 0.2917932541131883 0.6386325303187437
0 0.2019528834425899 0.631725347008818 0.22807801215224086 0.631725347008818 0.22807801215224086 0.6413813073502447 0.2019528834425899 0.6413813073502447
1 0.08790549459678099 0.6658317968714471 0.16371816983104168 0.6658317968714471 0.16371816983104168 0.7160635080696114 0.08790549459678099 0.7160635080696114
