3 0.20264642345094322 0.2886868550548462 0.2045748088676099 0.21793853352164308 0.2947284951688484 0.21932077433968508 0.2928001097521818 0.2900690958728882
4 0.03091227317559994 0.3335724053406645 0.03447626107797643 0.2806468937931998 0.3772299652693868 0.2936299172156996 0.37366597736701024 0.3465554287631643
3 0.10186295515784337 0.2833215746890032 0.10428617293128084 0.23680033445462817 0.21064788362982872 0.2399167043621089 0.20822466585639132 0.286437944596484
2 0.3104815360483764 0.2920261426965019 0.31085280764561535 0.2877472243226751 0.35580098586336656 0.2899410006488032 0.35542971426612757 0.29421991902263
2 0.06792355268384731 0.28242950004896367 0.06824726330542394 0.27828962454723005 0.11235208967264801 0.280229519943344 0.11202837905107138 0.2843693954450776
2 0.2292821982485348 0.2883507744509589 0.22978847129682667 0.28353475097303693 0.2745984866496954 0.2861844334410563 0.2740922136014035 0.29100045691897836
3 0.01439528645875724 0.2800077246212934 0.017681012370215594 0.22674771485566841 0.13112554960379008 0.2306844500748772 0.1278398236923317 0.28394445984050215
2 0.14811231308983305 0.28500035162821896 0.14855088609025632 0.2808930227869919 0.19272347441839352 0.2835461482752306 0.19228490141797025 0.2876534771164576
3 0.28885613332549004 0.291427047087589 0.29068474660674004 0.2209686730641514 0.3803363546532709 0.2222774627492701 0.3785077413720209 0.29273583677270765
0 0.32314339209818255 0.2802126173342745 0.3252575753467806 0.24945063871993 0.3476928013492643 0.2503179626660919 0.3455786181006662 0.2810799412804364
