4 0.7989746525774163 0.4272529561072739 0.784524035762944 0.11650998546579149 0.8884316797887788 0.11379195014239583 0.9028822966032509 0.42453492078387817
3 0.7709878736254948 0.3402300894977255 0.7652989087817449 0.23767819435612392 0.8022390143953385 0.23652551047786052 0.8079279792390884 0.3390774056194621
3 0.7382946776232662 0.19631773301120403 0.7213929849149328 0.08170497056003216 0.7834647624809004 0.07655607680324907 0.8003664551892338 0.19116883925442096
3 0.7923152692026033 0.2665785740242653 0.7821243921618911 0.16904593229087103 0.8760858133920941 0.16352345831460394 0.8862766904328062 0.2610561000479982
3 0.7533191723840242 0.42796800897380904 0.7438990877486076 0.3257642125870903 0.7944158536576426 0.32314515020587853 0.8038359382930592 0.42534894659259725
1 0.037209417012396065 0.18429954696790787 0.028852046363375246 0.10252066885060852 0.13154838158027563 0.09661721751240511 0.13990575222929644 0.17839609562970443
1 0.04173462167240764 0.27975017361565074 0.03561628843133235 0.19975528967635836 0.14016009985244865 0.1952575763495697 0.14627843309352392 0.275252460288862
2 0.05723791380269387 0.2042987975657053 0.05705450412328652 0.20096913877572553 0.11346076400489373 0.19922141678215968 0.11364417368430108 0.20255107557213944
2 0.7890567674826365 0.362016338000274 0.796927817055043 0.362016338000274 0.796927817055043 0.4063629831521254 0.7890567674826365 0.4063629831521254
2 0.7824649183116396 0.13078704999547242 0.7909300995411201 0.13078704999547242 0.7909300995411201 0.17819206488056277 0.7824649183116396 0.17819206488056277
2 0.053025550099739645 0.10023452199976296 0.10740379280406448 0.10023452199976296 0.10740379280406448 0.10632163872039634 0.053025550099739645 0.10632163872039634
2 0.04734424116048183 0.004260981704443364 0.1006403297811385 0.004260981704443364 0.1006403297811385 0.0107539062064523 0.04734424116048183 0.0107539062064523
1 0.02248456141032825 0.007340547989842471 0.13014593192801768 0.007340547989842471 0.13014593192801768 0.08272995977741379 0.02248456141032825 0.08272995977741379
