1 0.12234159558063086 0.7191247422585654 0.13528487357542252 0.6374798447976279 0.2339036029870775 0.646274061452372 0.22096032499228582 0.7279189589133095
1 0.22344287277023034 0.7269230246670193 0.23713932459314702 0.6452177024013943 0.33440283035476953 0.6543889870517308 0.3207063785318529 0.7360943093173558
1 0.02112049735151272 0.7085119336733621 0.03472287365359603 0.6298472608217995 0.1327145958288258 0.6393784471860131 0.11911221952674252 0.7180431200375756
4 0.02254051669053313 0.7063270918591043 0.033516284666692125 0.6336090950564803 0.44246899097055414 0.668329807203717 0.4314932229943952 0.741047804006341
1 0.3248506691540247 0.7383892682582187 0.3364781105602747 0.6499427350550937 0.446263995559517 0.6580611711949061 0.434636554153267 0.7465077043980312
0 0.36867557340674134 0.7125076601727578 0.374489212729658 0.6733376162274454 0.4029113406557587 0.6757104818397573 0.397097701332842 0.7148805257850699
2 0.2572790636280294 0.653184598001427 0.25805784391119985 0.6490006404578186 0.312912730510918 0.6547439936866004 0.3121339502277475 0.6589279512302089
2 0.15702479931067773 0.6439885372899176 0.15797694565826761 0.638913670786967 0.21307307689473975 0.6447283092217142 0.21212093054714987 0.6498031757246647
2 0.3601886854645241 0.6623296948810592 0.3609372273758233 0.6580602388328121 0.41697143281548743 0.6635863462115321 0.41622289090418824 0.6678558022597793
2 0.05881066236699461 0.636189880292599 0.05952653452339618 0.6321960216642587 0.11178014982959304 0.6374644569944474 0.11106427767319148 0.6414583156227878
