1 0.22172109127588496 0.17764280268357038 0.2104273087238016 0.10020621821091415 0.30608249759130257 0.09235884526564837 0.31737628014338587 0.1697954297383046
1 0.31799548238811515 0.16868787456297551 0.3067814524401985 0.09202661968016303 0.40749939065875984 0.08373927997804015 0.4187134206066765 0.16040053486085262
1 0.12577075591907028 0.18412555662001645 0.11517851145292442 0.10891181150282894 0.20806621917858592 0.10155361208115543 0.21865846364473177 0.17676735719834294
1 0.846527941709354 0.3340069700918339 0.8834266462937534 0.29284889713234785 0.9445922120915841 0.3236939565390418 0.9076935075071845 0.36485202949852785
1 0.7614225413282734 0.4238929706697019 0.8044990916255549 0.3773498668618653 0.8655941220744764 0.4091562281036596 0.8225175717771949 0.4556993319114962
1 0.8044601375789956 0.3793914618562775 0.8418934058081621 0.3345176215242466 0.9063383071042664 0.36475719056564904 0.8689050388751 0.40963103089767994
0 0.05540951589196553 0.1728876704895214 0.052180043211097586 0.1369059558161266 0.07890951403133323 0.13555648763981826 0.08213898671220117 0.171538202313213
1 0.024430064132115337 0.18867762975020685 0.0159152122440945 0.11379509190840997 0.114648874669968 0.10747993250565249 0.12316372655798882 0.18236247034744937
4 0.7648699549521083 0.42543387804341326 0.9286731615232103 0.25049723814081987 0.9838194765398972 0.2795428575712636 0.8200162699687952 0.454479497473857
4 0.025284199715060077 0.18653990046512706 0.01630620643767932 0.11749755974967008 0.41058803988903614 0.08865770535657413 0.4195660331664169 0.1577000460720311
1 0.8840902130717151 0.2955033448698716 0.9208506134669825 0.24937683108196285 0.9849679598335903 0.27811953806932066 0.9482075594383229 0.32424605185722943
2 0.24297408632782683 0.17420795620940777 0.24240655735757427 0.17081732105086575 0.29467899602921643 0.16589576695512145 0.29524652499946896 0.16928640211366347
2 0.831073854465935 0.4410433296609596 0.8521957620180182 0.41769475788361604 0.8556533147985372 0.41945415616166437 0.834531407246454 0.44280272793900793
2 0.9118096191161191 0.35569108535414284 0.9317908665973951 0.33180671532044215 0.9361167217903872 0.33384236626998676 0.9161354743091111 0.35772673630368745
2 0.1467715486485979 0.18176182370773528 0.1462199505692873 0.17801722940338935 0.19814856039516185 0.17371446867654958 0.19870015847447245 0.17745906298089553
2 0.8717560727486481 0.3984872230420747 0.891950628895269 0.37437389325227094 0.8961900289319404 0.376371012753532 0.8759954727853195 0.40048434254333576
0 0.7996567285072582 0.41968131633564426 0.8111560774655915 0.40626420207783176 0.8410449316489916 0.4206736030979495 0.8295455826906584 0.434090717355762
2 0.9514599128181758 0.31322342137452197 0.9727342584936253 0.2893855851904639 0.9756864135014196 0.29086759495307807 0.9544120678259701 0.31470543113713617
2 0.33942705584571603 0.16623876175043978 0.33899052933741713 0.16222500375264123 0.3913316559062268 0.15902297645200406 0.3917681824145258 0.1630367344498026
2 0.05344613137377529 0.18165097995963594 0.10425759429954758 0.18165097995963594 0.10425759429954758 0.18659098329964158 0.05344613137377529 0.18659098329964158
