1 0.7223437067245002 0.17743857330030827 0.7198134764969913 0.09514544464670564 0.8277412110030113 0.09327884124196653 0.8302714412305202 0.17557196989556917
0 0.5498689778079647 0.16587151906807726 0.5487293293704647 0.12706326864083115 0.5750742188066187 0.12662809183280166 0.5762138672441187 0.16543634226004775
1 0.6203539229926415 0.18039705087369304 0.6174076339301414 0.09853370858853681 0.7174641108615251 0.09650810892872871 0.7204103999240251 0.17837145121388498
4 0.5149284551349844 0.18695924955976143 0.5081821986245677 0.11133418852460517 0.9269984654379323 0.0903185214363323 0.9337447219483489 0.16594358247148855
1 0.512255496091829 0.18058463344710238 0.5104306642869705 0.1018571375125432 0.6149174802442943 0.10049481345714563 0.6167423120491528 0.1792223093917048
1 0.8314488009581018 0.17536285434811524 0.8274558920683758 0.0908915892927866 0.9348108722545423 0.08803712164471386 0.9388037811442683 0.1725083867000425
2 0.5347638646181297 0.18195137630712177 0.5347638646181297 0.17772862487123875 0.5928358921973106 0.17772862487123875 0.5928358921973106 0.18195137630712177
2 0.7438570379944529 0.17712430695749867 0.7436744578105744 0.17277992702560196 0.8032346822934454 0.17137192041453736 0.8034172624773239 0.17571630034643404
2 0.8519730635008449 0.16890035287056715 0.9091305433216799 0.16890035287056715 0.9091305433216799 0.1740445260544423 0.8519730635008449 0.1740445260544423
2 0.6403329163408362 0.18004350187839824 0.6401121798895132 0.1758239969178049 0.6981395613640347 0.17411646805077938 0.6983602978153576 0.17833597301137274
