3 0.7168781737739338 0.3789956252174509 0.7171819475248988 0.2682690137944416 0.7855312967181256 0.26837449015713716 0.7852275229671606 0.3791011015801464
3 0.7140781250292109 0.4751153147608073 0.7143496094042109 0.37133949688971357 0.798936686168706 0.37146396990716135 0.7986652017937059 0.4752397877782551
3 0.7191532389094405 0.2841987091559608 0.7194486490656905 0.16519370427314828 0.8009795735905595 0.16530754694755478 0.8006841634343096 0.2843125518303673
4 0.6029742137557084 0.4715790713222844 0.6083467464226442 0.09554342012378368 0.7206546134923395 0.09644599397947472 0.7152820808254037 0.4724816451779755
3 0.7181170247427145 0.18483598735197407 0.7180126953156313 0.04906724955900535 0.7701715494760354 0.04904470417634627 0.7702758789031188 0.18481344196931498
2 0.7149897060729553 0.44768075629470233 0.7149006761250386 0.4001351019978282 0.7252059574446492 0.4001242475516458 0.7252949873925659 0.44766990184851996
2 0.719181727374841 0.2647463338860724 0.719124598468591 0.21470641689388612 0.7279697895612198 0.2147007366226302 0.7280269184674698 0.2647406536148164
2 0.7171567805609415 0.35830020509843197 0.7171068131130247 0.30805295168046376 0.7249220088511757 0.3080485801125733 0.7249719762990925 0.35829583353054145
2 0.7187813396891584 0.1719415117253179 0.7187871990641583 0.12020100269211585 0.7251861246580963 0.12020141030714053 0.7251802652830962 0.17194191934034256
0 0.736271019011793 0.41488837289563935 0.7775982414649476 0.41488837289563935 0.7775982414649476 0.4363600583042617 0.736271019011793 0.4363600583042617
