1 0.6025381736386209 0.21713779967814378 0.6009599032974837 0.16199412030782773 0.6802367755859502 0.16071781466489432 0.6818150459270875 0.21586149403521038
1 0.6049542376658208 0.27644965142732064 0.6034385312856124 0.21827170342927377 0.6822574109349311 0.21711663034543513 0.6837731173151395 0.27529457834348203
1 0.39941495759949486 0.22084524654210633 0.3974380153379452 0.1648306277938151 0.4779526984524577 0.163232210329844 0.4799296407140073 0.21924682907813525
4 0.30790812412072516 0.34595335137300004 0.2944473813665071 0.10509411173239121 0.3666863403906839 0.10282320279524322 0.380147083144902 0.343682442435852
3 0.507497096553104 0.33849294969106636 0.5025677119943027 0.26637989069098594 0.5515208543825201 0.2644976208498387 0.5564502389413214 0.33661067984991916
4 0.10417228719150964 0.35063761663044324 0.09269968304225955 0.11069593204218256 0.16849436214957375 0.10865739996000487 0.17996696629882383 0.34859908454826555
1 0.2947354373584147 0.223410946640057 0.2939838911344563 0.16483352354435385 0.375879208622797 0.16424249693771747 0.37663075484675534 0.22281992003342063
4 0.5119236079752941 0.33983382336803275 0.5008612877541283 0.10161108995078913 0.573633747202466 0.09971021913984626 0.5846960674236318 0.3379329525570899
1 0.19335015315306872 0.22462209571923591 0.1931458481400479 0.16756118263329847 0.2739322917005296 0.16739847747468134 0.2741365967135504 0.22445939056061878
1 0.40223822019961014 0.28027657145246754 0.4003019435858095 0.22342863558754988 0.48067826585869466 0.2218886971570995 0.48261454247249536 0.2787366330220171
3 0.0039786960520280055 0.16784373782120768 0.007262637554013322 0.08962500473196484 0.09746556044248972 0.09175524098849475 0.09418161894050439 0.16997397407773757
1 0.1970028593120978 0.28447896084920576 0.19546645476078855 0.22544356460651005 0.27730696571493446 0.2242454897293735 0.2788433702662437 0.2832808859720692
1 0.5027853189621757 0.2771839347142718 0.5033043619309258 0.2204719443578265 0.5841441935683839 0.22088811970439312 0.5836251505996338 0.2776001100608384
1 0.29924840406367814 0.282615095845201 0.29718749114718346 0.22275940344473819 0.3781323660225204 0.22119169223050364 0.3801932789390151 0.28104738463096646
4 0.20590370764643812 0.3480580233062539 0.1925771117146436 0.10678556048184921 0.2672061279396488 0.10446687567645861 0.28053272387144335 0.3457393385008633
4 0.6117836493411818 0.3379283403862847 0.6016629324944304 0.09909280702576809 0.674112440024815 0.09736589466327292 0.6842331568715663 0.33620142802378955
4 0.712635171995052 0.3341457621494953 0.7023942045486339 0.10000839951181982 0.7733934651912256 0.09826158570268329 0.7836344326376439 0.3323989483403588
4 0.40886050231179444 0.3433767359614869 0.39624903987890414 0.10252786719872853 0.4715029636285041 0.10031134280353958 0.4841144260613944 0.3411602115662979
1 0.18970284017025635 0.16959878531968658 0.1904949562588707 0.1047442830622339 0.2723033465563786 0.10530632545997051 0.27151123046776426 0.1701608277174232
1 0.395761249006953 0.16196341636579123 0.3946291301959416 0.10147189318749267 0.4760442810345545 0.10061480552224404 0.47717639984556587 0.16110632870054262
1 0.6073421948615904 0.33781990273809304 0.6053230315137218 0.27939095120723006 0.6845321771987537 0.2778512331005218 0.6865513405466224 0.33628018463138476
3 0.019911952977786966 0.287947391112843 0.01942186133559 0.2169862822579526 0.10045664261348992 0.21667147053656402 0.10094673425568688 0.2876325793914544
3 0.7065355400469815 0.27287495331061806 0.7026267175289295 0.1986234862641795 0.7603255440581824 0.19691492553436676 0.7642343665762344 0.2711663925808053
1 0.704027117173762 0.21388742883685075 0.7016714856633453 0.1606566854286476 0.7798050600443086 0.15871175064749504 0.7821606915547252 0.21194249405569818
0 0.4119727588635682 0.13628217960523872 0.41168817594182755 0.12513182686360677 0.4403761785182944 0.1247199730750339 0.4406607614400351 0.13587032581666586
1 0.29298940518795663 0.16428294131606155 0.2926259529740903 0.10342924091558266 0.3742694439594658 0.10315495442379975 0.3746328961733322 0.16400865482427868
1 0.7085349377291262 0.3354784349584544 0.7055787202812095 0.2728266405248606 0.7870089525849377 0.27066536038785066 0.7899651700328544 0.3333171548214445
3 0.6918428309885502 0.15470473221772527 0.6994914535556078 0.06574432358833174 0.7432995524788303 0.06786299396995031 0.7356509299117726 0.15682340259934383
1 0.09414081613353929 0.2284643267528324 0.09192256795527322 0.17238113941369956 0.17229492539620025 0.1705929781622895 0.1745131735744663 0.2266761655014223
1 0.5984627684978318 0.158922574655293 0.5987274967631431 0.09834322320305466 0.6791150587150903 0.09854082326588749 0.6788503304497789 0.15912017471812584
2 0.0936562461931067 0.2757225984022863 0.09329003912831565 0.24378719569421942 0.10106384315909425 0.24373705268005116 0.10143005022388528 0.275672455388118
2 0.089220582344 0.15855382449416822 0.08653197243537838 0.12563000716088576 0.0925226947195695 0.12535482560278627 0.09521130462819112 0.15827864293606875
0 0.3104707955731143 0.1269218368839288 0.33822105002846525 0.1269218368839288 0.33822105002846525 0.13839549978373736 0.3104707955731143 0.13839549978373736
0 0.20694100010507427 0.13003484619783037 0.23540279954645985 0.13003484619783037 0.23540279954645985 0.14239794033018222 0.20694100010507427 0.14239794033018222
0 0.04198115417604372 0.1265660643909115 0.07079872611044662 0.1265660643909115 0.07079872611044662 0.1429315990697082 0.04198115417604372 0.1429315990697082
0 0.6173838662160553 0.12167419261192335 0.6456084839954295 0.12167419261192335 0.6456084839954295 0.1337704573745122 0.6173838662160553 0.1337704573745122
2 0.0921331462240277 0.18549582731759312 0.09770703763259875 0.18549582731759312 0.09770703763259875 0.21688995098645672 0.0921331462240277 0.21688995098645672
2 0.1964302303316335 0.24060014399630025 0.20112343643214042 0.24060014399630025 0.20112343643214042 0.27249927921068323 0.1964302303316335 0.27249927921068323
2 0.19330142626462887 0.18171507370400244 0.19799463236513581 0.18171507370400244 0.19799463236513581 0.21390753429966713 0.19330142626462887 0.21390753429966713
2 0.19056372270599983 0.12246334668510249 0.19496360342522506 0.12246334668510249 0.19496360342522506 0.1550224640073693 0.19056372270599983 0.1550224640073693
2 0.2931298310274949 0.1205567317067716 0.2969430609841568 0.1205567317067716 0.2969430609841568 0.15274919230243628 0.2931298310274949 0.15274919230243628
2 0.3950115134593328 0.11740348385799351 0.3990202936701824 0.11740348385799351 0.3990202936701824 0.14937595041769694 0.3950115134593328 0.14937595041769694
2 0.3978469921450557 0.17636188549561177 0.4020513226100931 0.17636188549561177 0.4020513226100931 0.208481014745956 0.3978469921450557 0.208481014745956
2 0.4009757962120603 0.23561361251451163 0.4055712271854732 0.23561361251451163 0.4055712271854732 0.26773274176485584 0.4009757962120603 0.26773274176485584
2 0.5033914777327269 0.23400924925532796 0.508099732531368 0.23400924925532796 0.508099732531368 0.2655862465827523 0.5033914777327269 0.2655862465827523
2 0.2940001618811414 0.17919546290626787 0.29858956838165157 0.17919546290626787 0.29858956838165157 0.21100839433025603 0.2940001618811414 0.21100839433025603
2 0.2983114225331355 0.23833622394692897 0.30290082903364535 0.23833622394692897 0.30290082903364535 0.26973193659814354 0.2983114225331355 0.26973193659814354
2 0.6059451245076338 0.290815555713314 0.6102091491897514 0.290815555713314 0.6102091491897514 0.3220472684115851 0.6059451245076338 0.3220472684115851
2 0.6039491980606855 0.23229862124596448 0.608303946672209 0.23229862124596448 0.608303946672209 0.2635983768912907 0.6039491980606855 0.2635983768912907
2 0.6014089280372966 0.17310125730806492 0.6058544005782269 0.17310125730806492 0.6058544005782269 0.20467318474161134 0.6014089280372966 0.20467318474161134
2 0.5984150383668758 0.11444823694660579 0.6031326826960247 0.11444823694660579 0.6031326826960247 0.14615625027426227 0.5984150383668758 0.14615625027426227
2 0.702182244207152 0.17183292265790548 0.7067318357649734 0.17183292265790548 0.7067318357649734 0.20305771377408535 0.702182244207152 0.20305771377408535
2 0.706817677115121 0.2879762694075726 0.7125690475750086 0.2879762694075726 0.7125690475750086 0.3195229655868059 0.706817677115121 0.3195229655868059
