1 0.37435790949364295 0.28478597155914276 0.36779003839989294 0.23670432177886933 0.4541790579386892 0.230066488632606 0.46074692903243913 0.27814813841287944
4 0.14978482324650477 0.3066605920501462 0.14207234387273399 0.26050738581536487 0.4461750563107861 0.23192259886782157 0.4538875356845568 0.27807580510260294
1 0.29611556771350317 0.2949067813177707 0.28972228978267434 0.24604153269785198 0.37347322953834394 0.2398779150841905 0.3798665074691728 0.28874316370410924
1 0.22157684178056875 0.29926771737656543 0.21654062758786036 0.2539213428648467 0.2966913163301694 0.24891418357577352 0.30172753052287776 0.29426055808749224
0 0.3969828301356646 0.26188081120952594 0.39455526505247834 0.23890259566916733 0.4209064804356808 0.23733664613899477 0.4233340455188671 0.2603148616793533
1 0.14488611354277062 0.30884918173643044 0.13947107448027066 0.2605480953106494 0.22493127895333714 0.2551588103356652 0.2303463180158371 0.30345989676144625
2 0.172653824162626 0.2639997851273557 0.17224940066269154 0.26184657333032646 0.2114960607430227 0.2577001383143038 0.21190048424295718 0.25985335011133304
2 0.3925250027750779 0.23816418114752377 0.39222130658683774 0.23654725677162197 0.4339339559225642 0.23214028839615475 0.4342376521108044 0.23375721277205655
2 0.31708648554660895 0.2468234661990407 0.3167827893583688 0.2452065418231389 0.3584954386940952 0.24079957344767167 0.3587991348823354 0.24241649782357347
2 0.24331133380826184 0.2556295187938036 0.24300763762002164 0.25401259441790175 0.2847202869557481 0.24960562604243455 0.28502398314398825 0.25122255041833635
