4 0.4172510725077096 0.2983921643822958 0.5450753363365685 0.2978215203473437 0.5482974195269432 0.7038040023332184 0.4204731556980844 0.7043746463681705
0 0.4660564303829949 0.6399208672038889 0.532894477429935 0.6399208672038889 0.532894477429935 0.6671226043857761 0.4660564303829949 0.6671226043857761
1 0.4149041245821089 0.5998957674714387 0.5533174893428466 0.5998957674714387 0.5533174893428466 0.7046572754353578 0.4149041245821089 0.7046572754353578
1 0.4136723328893852 0.5010818635033412 0.5515631105191806 0.5010818635033412 0.5515631105191806 0.597133179153686 0.4136723328893852 0.597133179153686
1 0.4134834414131801 0.40248051292422715 0.5506186531381548 0.40248051292422715 0.5506186531381548 0.4966901366815694 0.4134834414131801 0.4966901366815694
1 0.41178341812733366 0.29792908084464953 0.5491075213285126 0.29792908084464953 0.5491075213285126 0.3996471407811483 0.41178341812733366 0.3996471407811483
2 0.5430629940899462 0.3241377731681209 0.5492964128047177 0.3241377731681209 0.5492964128047177 0.377405169457987 0.5430629940899462 0.377405169457987
2 0.544763017375793 0.4228807923543886 0.5502408701857439 0.4228807923543886 0.5502408701857439 0.4757231828227929 0.544763017375793 0.4757231828227929
2 0.5462741491854345 0.5217654801478101 0.5523186764240009 0.5217654801478101 0.5523186764240009 0.5751745450448299 0.5462741491854345 0.5751745450448299
2 0.5474074980426659 0.6220668540127706 0.553263133805027 0.6220668540127706 0.553263133805027 0.6764675991598679 0.5474074980426659 0.6764675991598679
