1 0.23295306397008406 0.46926362478157396 0.2329282430065424 0.40327485525032397 0.3256606648710618 0.4032552350817074 0.3256854858346035 0.4692440046129574
1 0.22578922523056214 0.4022641771224616 0.2259037678737913 0.33715840319668033 0.3213425293267296 0.3372528516861321 0.3212279866835004 0.4023586256119133
1 0.21074894206986683 0.2655921967456977 0.21044128608377072 0.18871830573169676 0.31029724775184614 0.18849351260334715 0.3106049037379423 0.265367403617348
1 0.21740712482812682 0.33577237160286477 0.21769305419010598 0.26617489845833353 0.31670766195572736 0.2664037148229164 0.3164217325937482 0.33600118796744766
4 0.23971248317319066 0.4720474122293524 0.21590827463674614 0.18868785573220775 0.3026768193862382 0.18458769650509743 0.3264810279226827 0.46794725300224205
2 0.21121254494286654 0.24768639899697928 0.2113283967772324 0.20715987776308975 0.21823099646116717 0.2071709771452017 0.21811514462680134 0.24769749837909122
0 0.22760782484589753 0.23492759747302844 0.22759411780228808 0.21748318434372033 0.27197775833605253 0.21746356733071698 0.27199146537966196 0.2349079804600251
2 0.21737767205980113 0.3194344403065475 0.21735614523754612 0.2799483161836193 0.2260563788046711 0.2799456481649931 0.22607790562692612 0.3194317722879213
2 0.22510109227367495 0.3877756344471159 0.22514602492114996 0.35115409028928696 0.23295967375728371 0.3511594829335461 0.2329147411098087 0.387781027091375
2 0.23265346142513324 0.4184618339957463 0.2410373699449578 0.4184618339957463 0.2410373699449578 0.45265246092815614 0.23265346142513324 0.45265246092815614
