3 0.0007988166598068405 0.4186686759390988 0.0013602717522496078 0.33911358367225997 0.08148253526507682 0.3394316537230493 0.08092108017263405 0.4189867459898881
4 0.08055527962105534 0.420020323201301 0.07761159298259493 0.13947359186652733 0.16306309008627914 0.13896924588342363 0.16600677672473954 0.4195159772181973
2 0.07462477878045376 0.40278592583834505 0.07469370516838957 0.3654998405729695 0.08118046152978486 0.3655065856799914 0.08111153514184904 0.40279267094536697
3 0.027175011774210656 0.34782068815761397 0.027345503310668907 0.26171296110683273 0.08092348609574417 0.2617726329680756 0.0807529945592859 0.3478803600188569
2 0.07261275618487 0.26383128472401274 0.07272550201184894 0.22790501592600634 0.07918076015891999 0.2279164111929352 0.07906801433194105 0.2638426799909416
3 0.011911154429907266 0.27720184284306265 0.012083497366105173 0.18580276447392202 0.08099414952517087 0.18587585491084357 0.08082180658897295 0.2772749332799842
2 0.07154064051249691 0.19611644921265625 0.07149225553489452 0.15859278910337687 0.07822392609333038 0.1585879065080453 0.07827231107093277 0.19611156661732468
3 0.02833191932253194 0.105744722412627 0.07766279061352875 0.105744722412627 0.07766279061352875 0.20798961949717676 0.02833191932253194 0.20798961949717676
0 0.04499775421813899 0.1549922645291454 0.06433012269704315 0.1549922645291454 0.06433012269704315 0.17849109173195135 0.04499775421813899 0.17849109173195135
2 0.07280109952064957 0.29596128810809524 0.07997090477647112 0.29596128810809524 0.07997090477647112 0.3334993550484302 0.07280109952064957 0.3334993550484302
