1 0.7511215186401885 0.503347139485772 0.7364767263620177 0.37353363158779357 0.9160493668870404 0.3621383246984937 0.9306941591652113 0.4919518325964721
1 0.10808759138642147 0.7858874029067492 0.1012496348917055 0.6606199668379431 0.2696734815909255 0.6554484939312072 0.2765114380856415 0.7807159300000133
1 0.10366401377359853 0.6569631154668473 0.09904346216053869 0.534610018090431 0.26507670496525854 0.5310830913825987 0.2696972565783184 0.6534361887590151
4 0.5664283753441517 0.9215624877999518 0.5224892354792458 0.38532524277517505 0.6907264494330755 0.37757100399294063 0.7346655892979815 0.9138082490177173
1 0.7649520541762296 0.6312519653808221 0.7514775175303247 0.5048607944529327 0.934713835943815 0.49387247727916656 0.9481883725897199 0.6202636482070559
4 0.11828087228464966 0.9227490558332474 0.1035714448058291 0.40534278278965824 0.26074738605763936 0.40282931874947925 0.27545681353645995 0.9202355917930685
1 0.5375822698025224 0.64164823194482 0.5259292628919542 0.5158182925538686 0.7014487990015847 0.506675012845296 0.7131018059121528 0.6325049522362475
1 0.5274510965071862 0.512518175744106 0.513753485246262 0.3874350835291051 0.6855769061029585 0.3768510522240658 0.6992745173638829 0.5019341444390666
1 0.557522837897428 0.9203363182588525 0.5489314511150922 0.7769589018811851 0.7346412630710181 0.7706993982155809 0.7432326498533538 0.9140768145932484
1 0.3253101664849974 0.777927352283481 0.31687177497135577 0.6518323752932768 0.4919110016063155 0.6452433708982255 0.5003493931199571 0.7713383478884298
4 0.8093237173951933 0.916971332169545 0.7456580263935965 0.37281151511268945 0.9125175703895759 0.36183024516662493 0.9761832613911728 0.9059900622234806
4 0.33465640010289105 0.919884031679378 0.3124869935680352 0.3966104743396439 0.4799355190468738 0.3926199576387719 0.5021049255817296 0.915893514978506
3 0.7804917677419065 0.7996488048344513 0.7580323882359165 0.6363962323332075 0.8507802745244992 0.6292188799714782 0.8732396540304893 0.7924714524727219
0 0.1293561864581079 0.48235650024019205 0.12739467929664955 0.45978234252534833 0.18532873353272503 0.45695072369651246 0.1872902406941834 0.4795248814113562
1 0.10041064682897374 0.5328477305963598 0.0932667426378746 0.4087144383731738 0.2604300448980971 0.4033030236813314 0.2675739490891963 0.5274363159045174
0 0.5588647704688047 0.46120931350202715 0.555157820599013 0.43645919143171463 0.6161451413806174 0.4313211044818492 0.6198520912504091 0.4560712265521617
3 0.3317640143382485 0.972896546505532 0.31093020478049943 0.7869171682127701 0.39923527248711926 0.7813528487892107 0.42006908204486837 0.9673322270819726
1 0.7995081791740727 0.9171077371867937 0.7845817308720774 0.7736469555983749 0.9726568175084 0.7626397498143322 0.9875832658103953 0.9061005314027512
2 0.1068601611082929 0.7571118111423015 0.10441807222550178 0.6888999160625672 0.11087131988287588 0.6887699583045656 0.113313408765667 0.7569818533842999
1 0.5487165378670008 0.772708819253839 0.5370450698350662 0.6442212129360058 0.7178486545540973 0.6349828757355163 0.7295201225860319 0.7634704820533496
2 0.09943974795218283 0.5058901593386947 0.0980490415719745 0.4435067975222885 0.10796253476266092 0.4433824847042738 0.10935324114286925 0.5057658465206801
2 0.10247699008081863 0.6290938680052865 0.09992174471725149 0.5635390063801493 0.10875257493972869 0.5633453856890143 0.11130782030329583 0.6289002473141515
0 0.7893277545639595 0.44746441798208053 0.7868020384181262 0.42207006983754936 0.8507537497090151 0.4184922195133949 0.8532794658548484 0.4438865676579261
2 0.32227734389373697 0.7501709137306295 0.3195794679171744 0.6796982574806295 0.3265013426297006 0.6795492021196209 0.32919921860626317 0.7500218583696209
2 0.5455029107747724 0.7435887890110056 0.5399982703621223 0.6721469697295516 0.5461594380313822 0.6718799385320489 0.5516640784440323 0.743321757813503
2 0.5564203132105817 0.8818298552456618 0.5506686625040532 0.8075280709284711 0.5580695014720787 0.8072058180969656 0.5638211521786073 0.8815076024141563
2 0.5227069917818751 0.48074836688450856 0.5176191825370834 0.4189896998923211 0.5248284086087499 0.41865562481471025 0.5299162178535416 0.4804142918068977
2 0.5351597925116383 0.6106306515518769 0.5289083145891381 0.5435676706911744 0.5369662014699347 0.5431451543196074 0.5432176793924348 0.6102081351803099
2 0.7411438314078164 0.40669394239694945 0.7559345542905754 0.40669394239694945 0.7559345542905754 0.47217775115938343 0.7411438314078164 0.47217775115938343
2 0.7551219678309244 0.5325030071008109 0.7716561559690792 0.5325030071008109 0.7716561559690792 0.6010989585220794 0.7551219678309244 0.6010989585220794
2 0.787990105571551 0.800076806394063 0.8053614677926504 0.800076806394063 0.8053614677926504 0.8752655037185195 0.787990105571551 0.8752655037185195
