1 0.4737980340972292 0.5057329239439343 0.47146543318577083 0.4555821671079968 0.5458694032573671 0.453635545294347 0.5482020041688256 0.5037863021302845
1 0.3775957442932944 0.506398392935601 0.3761481531474611 0.4565383465488822 0.4518387875789074 0.45530223429381533 0.4532863787247407 0.505162280680534
1 0.6616992359967678 0.5017637466197837 0.6594230315696844 0.4511568130260338 0.7362162132294485 0.4492139310076295 0.7384924176565318 0.4998208646013795
1 0.6589322512026228 0.45243200945003587 0.6544400637026228 0.40048559831722336 0.7269781898781068 0.3969570896710578 0.7314703773781067 0.4489035008038703
4 0.577042411745973 0.6142230978478627 0.5660186374664478 0.40270325990523576 0.6407494677085532 0.4005124659143178 0.6517732419880785 0.6120323038569446
1 0.37539318850387704 0.5588467454566722 0.3750823161080437 0.5049689378394847 0.45267679847528963 0.5047170973167654 0.45298767087112296 0.5585949049339529
1 0.667441527611145 0.5562568236399251 0.6643756096423948 0.5030909300852375 0.7428582995502537 0.5005451327960513 0.7459242175190038 0.5537110263507388
4 0.6796583503495041 0.6141706712070519 0.6574341684096082 0.3999708223024843 0.7310005289324291 0.3956773524122488 0.7532247108723248 0.6098772013168163
4 0.3780677540114144 0.6173845302720067 0.38300013526435106 0.40393456152173945 0.45586160390445213 0.40488162914629044 0.45092922265151547 0.6183315978965577
1 0.18979020171111366 0.5086819819781462 0.19070377592986365 0.4624339351031462 0.2660223389789905 0.46327083784607254 0.26510876476024053 0.5095188847210725
1 0.28695653283362 0.4591526257112731 0.28668703522623573 0.40652455994402464 0.3605067416809148 0.406311926121895 0.3607762392882991 0.4589399918891434
1 0.28271374512765696 0.5068840320462938 0.28314318848703196 0.4594325549955126 0.359037231434843 0.4598189098482375 0.358607788075468 0.5072703868990187
4 0.27879465853467456 0.6190013577694438 0.29208629043993295 0.404690908161062 0.3654140120170498 0.4072490562147727 0.3521223801117915 0.6215595058231544
1 0.4741035356251851 0.5564956471099098 0.47260508184914346 0.5052966725005349 0.5486749666873433 0.5040443465708694 0.550173420463385 0.5552433211802443
4 0.18015707626569039 0.6207088533683823 0.20365043161994525 0.40583352480633883 0.275076255715146 0.41022627271495077 0.2515829003608911 0.6251016012769942
1 0.471946412127401 0.4553495748187959 0.4700013007645769 0.4035657185664288 0.5428461067181085 0.4020266031085248 0.5447912180809326 0.45381045936089187
1 0.37951334659772573 0.45738355860267743 0.37858793497620224 0.4054040749762669 0.45164164443309324 0.4046724849297085 0.45256705605461667 0.45665196855611906
1 0.5725412601467686 0.5548302668935085 0.569131429417602 0.5041670283681178 0.6448242997490647 0.5013014164561008 0.6482341304782314 0.5519646549814915
1 0.27997205633556305 0.5601957636787519 0.28033773689088126 0.5089256779951167 0.35732668789856353 0.5092345572590213 0.3569610073432454 0.5605046429426566
1 0.7614579739797377 0.500819669763539 0.7524950833547377 0.45309268001744524 0.8259885994015878 0.4453292149092977 0.8349514900265878 0.49305620465539146
4 0.4775723764549074 0.6145797831467193 0.4739201290388405 0.40339117399205643 0.5479164372912823 0.4026713566921743 0.5515686847073491 0.6138599658468372
3 0.7452858688772905 0.4463912087131138 0.7440973219109311 0.37597877700595883 0.7861869137561072 0.3755791413349114 0.7873754607224666 0.4459915730420663
3 0.7685261709114187 0.5517287366097129 0.7549934438358585 0.4898809083665874 0.8157837541168204 0.4823989074710458 0.8293164811923806 0.5442467357141714
4 0.784082311497167 0.6152613180868486 0.7486990001028703 0.4025763480156721 0.8194172689056483 0.3959585147452688 0.8548005802999451 0.6086434848164453
3 0.576137059563598 0.6124081361654256 0.5679698205864941 0.5466180392212335 0.6198853558731645 0.5429928172776562 0.6280525948502683 0.6087829142218483
3 0.12263520246450345 0.45273765634277024 0.13237283498874214 0.3949094953122198 0.20740293732438833 0.40201626211711944 0.19766530480014963 0.4598444231476699
1 0.6742006400464081 0.6111841072388395 0.6699281791089081 0.5576101326294646 0.7504251626382191 0.5539991419595443 0.7546976235757191 0.6075731165689191
3 0.11354207071420375 0.5582166997043285 0.12058200701221618 0.49944402910130353 0.1929662878468119 0.504321111518417 0.18592635154879947 0.5630937821214419
1 0.776667967893792 0.6147504212281488 0.7682179353417087 0.5553584534547114 0.8498170581478747 0.5488280699827887 0.858267090699958 0.6082200377562261
2 0.18215626627195877 0.5514851848229241 0.1839012206990421 0.5235006267174553 0.19048805275748873 0.5237316547889406 0.1887430983304054 0.5517162128944093
2 0.775083380504344 0.5963268419562815 0.7707670170810884 0.5656491746250656 0.7754648471054162 0.5652773693937536 0.7797812105286718 0.5959550367249694
2 0.19391362721218383 0.4493335574120955 0.19648635551993213 0.42312959256877425 0.20232761435472998 0.4234521862784075 0.19975488604698172 0.4496561511217288
2 0.18950479665286776 0.4992772167076487 0.1912497510799511 0.47129265860217995 0.19783658313839772 0.4715236866736652 0.1960916287113144 0.4995082447791339
2 0.28004581233427445 0.5200755365034176 0.28485575949268754 0.5200755365034176 0.28485575949268754 0.5490354266863633 0.28004581233427445 0.5490354266863633
2 0.2832524437732165 0.4688696407128114 0.28832961021820813 0.4688696407128114 0.28832961021820813 0.49642662964121986 0.2832524437732165 0.49642662964121986
2 0.28685990414202633 0.4198683040364778 0.29193707058701795 0.4198683040364778 0.29193707058701795 0.4464232206402169 0.28685990414202633 0.4464232206402169
2 0.3793177772981895 0.4183651955494737 0.38359328588344555 0.4183651955494737 0.38359328588344555 0.44492011215321275 0.3793177772981895 0.44492011215321275
2 0.37677919407569294 0.46726632499333914 0.38145553159081674 0.46726632499333914 0.38145553159081674 0.4949235211542156 0.37677919407569294 0.4949235211542156
2 0.3754430976428011 0.5183720135514797 0.38025304480121425 0.5183720135514797 0.38025304480121425 0.5471314892694913 0.3754430976428011 0.5471314892694913
2 0.4732841498623568 0.5159939472266419 0.4769260705678383 0.5159939472266419 0.4769260705678383 0.5445499163946227 0.4732841498623568 0.5445499163946227
2 0.47262198246136017 0.46484151549964986 0.47510511021509766 0.46484151549964986 0.47510511021509766 0.4926525463415091 0.47262198246136017 0.4926525463415091
2 0.4716287313598652 0.4155514295879615 0.4746084846643502 0.4155514295879615 0.4746084846643502 0.4426175221036996 0.4716287313598652 0.4426175221036996
2 0.5699605904078683 0.5143799141867117 0.5747613040650937 0.5143799141867117 0.5747613040650937 0.5429358833546923 0.5699605904078683 0.5429358833546923
2 0.6705957457180571 0.5671124217449245 0.6774400777134045 0.5671124217449245 0.6774400777134045 0.5965728072901154 0.6705957457180571 0.5965728072901154
2 0.6647929425046102 0.5133248996510532 0.6717860643259435 0.5133248996510532 0.6717860643259435 0.5418925462403292 0.6647929425046102 0.5418925462403292
2 0.6600316680730642 0.46199240968594796 0.6670247898943975 0.46199240968594796 0.6670247898943975 0.48933254021084105 0.6600316680730642 0.48933254021084105
2 0.6543776546856034 0.4130033594801191 0.6616683561589081 0.4130033594801191 0.6616683561589081 0.43967393578807606 0.6543776546856034 0.43967393578807606
2 0.7550195692233722 0.4607395888896038 0.7621256357572392 0.4607395888896038 0.7621256357572392 0.48825339025042025 0.7550195692233722 0.48825339025042025
0 0.6727204352414765 0.41931720494769953 0.6988806990995675 0.41931720494769953 0.6988806990995675 0.42818262769960813 0.6727204352414765 0.42818262769960813
0 0.48619334829592925 0.4222702591093532 0.512062942555597 0.4222702591093532 0.512062942555597 0.43142635145968505 0.48619334829592925 0.43142635145968505
0 0.39482620452489275 0.4237236071014693 0.42021134945385513 0.4237236071014693 0.42021134945385513 0.43338837124904184 0.39482620452489275 0.43338837124904184
0 0.30219949249402217 0.4267029704853074 0.3277784171552668 0.4267029704853074 0.3277784171552668 0.43622239983366834 0.30219949249402217 0.43622239983366834
