1 0.6760855917298236 0.30710382452114526 0.6758582154277404 0.22578107061489527 0.7838663939472595 0.22561120233432344 0.7840937702493429 0.30693395624057346
1 0.6766065674358256 0.38037498958593896 0.6764145101441589 0.3075528460312515 0.7816017252074035 0.3073967999648423 0.7817937824990701 0.38021894351952984
1 0.6801058144870271 0.4523994679748764 0.6798616738620271 0.3810706105530014 0.7808559368150564 0.3808761667907486 0.7811000774400564 0.4522050242126236
1 0.6737304482698444 0.225510244304248 0.673246724311511 0.1364923304858886 0.7854912721077597 0.1361492405590333 0.785974996066093 0.22516715437739268
4 0.681194580055835 0.45041420533882276 0.6804742024516683 0.13531447389351023 0.7769491373920816 0.13519040891898979 0.7776695149962483 0.4502901403643023
2 0.6756611003238245 0.3642691742165172 0.6758673177717412 0.3235961395485497 0.6849968995500946 0.3236221766263585 0.684790682102178 0.364295211294326
2 0.6722283857530559 0.20889302694739617 0.6722672854926391 0.16283342611731777 0.6822522549735021 0.16283816958332428 0.6822133552339188 0.20889777041340268
2 0.6743343760328042 0.2894612962755325 0.6745850270744709 0.24604529590932345 0.6826295962315715 0.24607142023071102 0.6823789451899048 0.28948742059692006
2 0.6775914979700507 0.4352578912308778 0.6776173768763007 0.397359697871505 0.6860702011202693 0.39736294464338395 0.6860443222140193 0.4352611380027568
0 0.6910474065869247 0.193323508509527 0.6909966934630752 0.1701333998044103 0.7422059849127781 0.17007040730038364 0.7422566980366276 0.19326051600550034
