1 0.1281579437308123 0.2180070964951237 0.1278296559703956 0.14525569268652996 0.2272731170602033 0.1450032794814388 0.22760140482062002 0.21775468329003256
1 0.13601066587824187 0.36105865190963565 0.1356379445240752 0.2910664644096357 0.235295934056654 0.2907679472114582 0.23566865541082063 0.3607601347114582
4 0.1459192165243628 0.4357327750310738 0.1315057682934067 0.1472512774818901 0.2204657341197438 0.1447511217403979 0.23487918235069988 0.43323261928958157
1 0.13972234085010493 0.436769034369497 0.13927287795947993 0.361845450385122 0.23958190923127534 0.3615069666070656 0.24003137212190032 0.4364305505914406
0 0.17326222739186062 0.4080442578465132 0.1732236938632148 0.38982270022932575 0.21956923419668103 0.38976757076676793 0.2196077677253269 0.40798912838395546
2 0.22277756552447914 0.2738603019701564 0.22264560751666662 0.2321652183519927 0.22961718970543796 0.23215280740903205 0.22974914771325045 0.27384789102719576
2 0.227005105425232 0.3441632992421837 0.22655963016481534 0.3054798275624962 0.23469537550485006 0.30542712666394384 0.23514085076526672 0.34411059834363134
2 0.21899320121989907 0.203356789119933 0.21886388806885737 0.16424939776251107 0.22711215114077363 0.1642340562252996 0.22724146429181535 0.20334144758272152
1 0.1315115407353013 0.28952124155823733 0.13127195740196795 0.21914853037659668 0.23299186706092262 0.21895373402770013 0.23323145039425594 0.28932644520934075
2 0.23079767521440908 0.415871195868636 0.23065126339870426 0.3771603356199609 0.23851126684213977 0.37714361360656157 0.2386576786578446 0.4158544738552368
