4 0.25141799952639354 0.712617362338639 0.6392982406266345 0.7094086318535646 0.64039963192136 0.784299451337686 0.252519390821119 0.7875081818227604
4 0.2952260395846863 0.2522066656943582 0.6033308305939471 0.2727583089819177 0.598236936998602 0.31571435450622226 0.29013214598934123 0.2951627112186628
4 0.2904882406171633 0.3132308387060984 0.6095489631760267 0.33024578087899403 0.6049434698322783 0.37882399588108007 0.28588274727341484 0.3618090537081845
4 0.2857504662424698 0.3810171108691655 0.6152253156043727 0.3944814469580015 0.6115911558989093 0.4445037703877056 0.28211630653700637 0.4310394342988696
4 0.2787531327264416 0.453673288636021 0.6209042863800146 0.4634652716857744 0.6180771035776896 0.5190331446105563 0.27592594992411673 0.5092411615608029
4 0.2712104087077232 0.5315273798841756 0.6277013446069377 0.539681864929015 0.6251749472175926 0.6018082582838473 0.2686840113183781 0.5936537732390078
4 0.2615489705716357 0.617050920226384 0.6333456201647458 0.6195844380765685 0.6325175595923506 0.6879387847335414 0.2607209099992404 0.6854052668833568
3 0.37526719871858655 0.19603209268112523 0.4528954408620312 0.19603209268112523 0.4528954408620312 0.26125746447755965 0.37526719871858655 0.26125746447755965
3 0.5227871709811597 0.20625498233676837 0.6040079349629152 0.20625498233676837 0.6040079349629152 0.27060241858991985 0.5227871709811597 0.27060241858991985
3 0.2670369549580586 0.5265867640551628 0.36592345198707676 0.5265867640551628 0.36592345198707676 0.5540040973404685 0.2670369549580586 0.5540040973404685
3 0.36004152774661186 0.703777303323545 0.461820980805734 0.703777303323545 0.461820980805734 0.7337588476355367 0.36004152774661186 0.7337588476355367
3 0.5467686896897049 0.6992406222763357 0.6622239348911382 0.6992406222763357 0.6622239348911382 0.7215295335082752 0.5467686896897049 0.7215295335082752
0 0.5761498133714281 0.6296366803034296 0.5955995831648832 0.6296366803034296 0.5955995831648832 0.6555366288549181 0.5761498133714281 0.6555366288549181
0 0.5662264614359919 0.4685806783912993 0.5846838960359033 0.4685806783912993 0.5846838960359033 0.49105707052506237 0.5662264614359919 0.49105707052506237
0 0.5624555877005261 0.3992164483626 0.578531417835933 0.3992164483626 0.578531417835933 0.419757786868953 0.5624555877005261 0.419757786868953
0 0.5563031095005556 0.3335734753096892 0.5721804725972537 0.3335734753096892 0.5721804725972537 0.3514355087934745 0.5563031095005556 0.3514355087934745
1 0.4508859497847745 0.2610394080765835 0.5231092753674134 0.2610394080765835 0.5231092753674134 0.31082809285323787 0.4508859497847745 0.31082809285323787
1 0.5265383167476809 0.3243562526166413 0.6046000548774193 0.3243562526166413 0.6046000548774193 0.37917245930885374 0.5265383167476809 0.37917245930885374
1 0.45280132865283124 0.3211126900904751 0.5263220792459365 0.3211126900904751 0.5263220792459365 0.3725231561302126 0.45280132865283124 0.3725231561302126
1 0.37409087801785956 0.3168960588064586 0.44934152862492033 0.3168960588064586 0.44934152862492033 0.3692795936040461 0.37409087801785956 0.3692795936040461
1 0.37106355299343824 0.3817673093297867 0.4499902411301538 0.3817673093297867 0.4499902411301538 0.43966490042185735 0.37106355299343824 0.43966490042185735
1 0.45215261614759766 0.38582176248749456 0.5287006917651251 0.38582176248749456 0.5287006917651251 0.44225975044279037 0.45215261614759766 0.44225975044279037
1 0.5293494042703586 0.38971403751889466 0.6110871799297521 0.38971403751889466 0.6110871799297521 0.4458276692215732 0.5293494042703586 0.4458276692215732
1 0.5338903918069917 0.45928845370516397 0.6177905424838294 0.45928845370516397 0.6177905424838294 0.5188078260603166 0.5338903918069917 0.5188078260603166
1 0.4532338036563201 0.4570179599368474 0.5325929667965249 0.4570179599368474 0.5325929667965249 0.5165373322920008 0.4532338036563201 0.5165373322920008
1 0.3678199904672712 0.4537743974106809 0.4504227161336425 0.4537743974106809 0.4504227161336425 0.5155642635341511 0.3678199904672712 0.5155642635341511
1 0.36544137794808135 0.5322686105439034 0.45128766614062016 0.5322686105439034 0.45128766614062016 0.5982751079513929 0.36544137794808135 0.5982751079513929
1 0.3711048947746972 0.3819062846433988 0.44999361720861103 0.3819062846433988 0.44999361720861103 0.43991553469718814 0.3711048947746972 0.43991553469718814
1 0.45484721010551776 0.7072202401851608 0.5452622204593536 0.7072202401851608 0.5452622204593536 0.785427091711738 0.45484721010551776 0.785427091711738
1 0.2522664086051673 0.7089794945139779 0.3561157247427141 0.7089794945139779 0.3561157247427141 0.7900651258513509 0.2522664086051673 0.7900651258513509
1 0.26015639771623356 0.6146194896046044 0.3599540978237733 0.6146194896046044 0.3599540978237733 0.6873886459330174 0.26015639771623356 0.6873886459330174
1 0.3618732843643019 0.61573901508658 0.45143532292235083 0.61573901508658 0.45143532292235083 0.6872287137213068 0.3618732843643019 0.6872287137213068
1 0.45378099536077626 0.6163787439334248 0.5405708755825029 0.6163787439334248 0.5405708755825029 0.6864290526627538 0.45378099536077626 0.6864290526627538
1 0.5416370903272424 0.6170184727802657 0.6329050724768716 0.6170184727802657 0.6329050724768716 0.6867489170861749 0.5416370903272424 0.6867489170861749
2 0.39134946813288995 0.255536611765201 0.43164821496237527 0.255536611765201 0.43164821496237527 0.2615293133411374 0.39134946813288995 0.2615293133411374
2 0.5376929776322062 0.2645908021897136 0.5759941572697127 0.2645908021897136 0.5759941572697127 0.270844056008082 0.5376929776322062 0.270844056008082
2 0.4657805587209695 0.26107334691688133 0.5043422906009081 0.26107334691688133 0.5043422906009081 0.2653724589170096 0.4657805587209695 0.2653724589170096
2 0.5424350306100041 0.3243104985732384 0.5811980630543864 0.3243104985732384 0.5811980630543864 0.32888783538316013 0.5424350306100041 0.32888783538316013
2 0.4672182527604794 0.3208465680143787 0.5077132504842915 0.3208465680143787 0.5077132504842915 0.3249909135044429 0.4672182527604794 0.3249909135044429
2 0.39068188231710355 0.31626923120445705 0.4316717272636099 0.31626923120445705 0.4316717272636099 0.3203517207916845 0.39068188231710355 0.3203517207916845
2 0.38980012455213364 0.38176267037646683 0.43231661684464034 0.38176267037646683 0.43231661684464034 0.386732769591216 0.38980012455213364 0.386732769591216
2 0.4689936526340096 0.38589621823823833 0.510197907510081 0.38589621823823833 0.510197907510081 0.3900789750031261 0.4689936526340096 0.3900789750031261
2 0.5458251533663019 0.38998055719689345 0.5867669607590862 0.38998055719689345 0.5867669607590862 0.3936220160275018 0.5458251533663019 0.3936220160275018
2 0.5503523724530041 0.4591682749784496 0.5928032528746888 0.4591682749784496 0.5928032528746888 0.46285894271217415 0.5503523724530041 0.46285894271217415
2 0.46997783069633614 0.4564125764039353 0.5134785010511694 0.4564125764039353 0.5134785010511694 0.46015245304077623 0.46997783069633614 0.46015245304077623
2 0.3881598277815893 0.45390292234500257 0.4321197812321751 0.45390292234500257 0.4321197812321751 0.4576427989818435 0.3881598277815893 0.4576427989818435
2 0.3857978004320056 0.5320466604937303 0.4317917218780661 0.5320466604937303 0.4317917218780661 0.5354420748087568 0.3857978004320056 0.5354420748087568
2 0.559734869980517 0.6169812272725111 0.6055319558141122 0.6169812272725111 0.6055319558141122 0.6198845525563743 0.559734869980517 0.6198845525563743
2 0.4726023055292069 0.6160954670164173 0.5194491812959504 0.6160954670164173 0.5194491812959504 0.6189987923002805 0.4726023055292069 0.6189987923002805
2 0.3829108781158478 0.6154065423727887 0.43126682691149204 0.6154065423727887 0.43126682691149204 0.6183590765597683 0.3829108781158478 0.6183590765597683
2 0.29125109457783555 0.6148160355353928 0.3410505045315587 0.6148160355353928 0.3410505045315587 0.6175717341099071 0.29125109457783555 0.6175717341099071
2 0.28423062439990887 0.708952667196927 0.3358015548658179 0.708952667196927 0.3358015548658179 0.7122004548026043 0.28423062439990887 0.7122004548026043
2 0.47358648359153344 0.7073287733940881 0.5229266104495043 0.7073287733940881 0.5229266104495043 0.7101336808717187 0.47358648359153344 0.7101336808717187
