3 0.6598136520197376 0.23238230821097777 0.6615065307551455 0.13072061057879314 0.7959387893865147 0.13197980999682246 0.794245910651107 0.23364150762900712
3 0.7825139996091405 0.22844966534000172 0.7916193055987238 0.11970982769351736 0.9296695941408598 0.12621210834163887 0.9205642881512764 0.23495194598812325
4 0.404879108337156 0.30813401171155597 0.4029045163548613 0.23630300861520204 0.9248258548746254 0.22823264657265818 0.9268004468569201 0.30006364966901206
2 0.6842822708210917 0.23256107307562568 0.6844938657488445 0.22505519813667282 0.7523424987866589 0.22613108736097057 0.7521309038589061 0.2336369622999234
3 0.5349277926810672 0.2325777202483273 0.5362953764101526 0.12440437435271236 0.6637059735528879 0.12531044432950822 0.6623383898238024 0.23348379022512317
2 0.43740350397770345 0.23676352038810194 0.43734438788525803 0.23093691497883587 0.5073294133598472 0.23053750605517512 0.5073885294522926 0.2363641114644412
2 0.5597113005377028 0.23491433932760455 0.5598429937337923 0.22772925459002097 0.6301869886445141 0.22845449333706128 0.6300552954484246 0.23563957807464486
2 0.80767558691644 0.23094934957885266 0.8079774498752003 0.22309351546232895 0.8741598169501992 0.22452399728338832 0.873857953991439 0.23237983139991203
0 0.8303992505789136 0.21125910402500125 0.8351923820893303 0.16329007936679812 0.8719609382231694 0.16535668476512597 0.8671678067127527 0.2133257094233291
3 0.40100126104648687 0.23711569530749274 0.3980688066194036 0.1348683503367896 0.5333850508024714 0.13268536060071037 0.5363175052295548 0.2349327055714135
