4 0.23905561288289953 0.08978154319220671 0.3134447439822053 0.09159127461532114 0.3047605534095627 0.2923836561787449 0.23037142231025692 0.29057392475563043
4 0.7976628018496636 0.11618930625856555 0.8614757481877995 0.10879764392042884 0.9012267843007823 0.3018333539957495 0.8374138379626466 0.3092250163338862
4 0.7105136549452437 0.11016913601278652 0.7731048530329936 0.10291899277143605 0.8132359744621228 0.2978004418781288 0.7506447763743728 0.30505058511947925
4 0.6214502721952481 0.10652699234603133 0.6862310801781529 0.10085400893465471 0.7166011943870256 0.2959299895613778 0.6518203864041208 0.3016029729727544
4 0.5286495203834436 0.1006833098602478 0.5964245471365046 0.09644326907041297 0.6182069031199168 0.29229483180092297 0.5504318763668558 0.2965348725907578
4 0.42923565636277206 0.09732235127585223 0.5044691216115351 0.09458857657798805 0.5173722913491294 0.2943296057878825 0.4421388261003663 0.29706338048574665
4 0.33471117864662503 0.09296222879540333 0.41105720773396554 0.09208943914576387 0.4151177090609836 0.29188187860610915 0.33877167997364305 0.29275466825574864
3 0.2772213131806661 0.10021964076347728 0.3168849593664232 0.10021964076347728 0.3168849593664232 0.18421324445096285 0.2772213131806661 0.18421324445096285
3 0.2848570953340739 0.206007039347147 0.31773337960569054 0.206007039347147 0.31773337960569054 0.2885689338808688 0.2848570953340739 0.2885689338808688
3 0.46988518818397046 0.060537355532903986 0.5109641080098697 0.060537355532903986 0.5109641080098697 0.14215468308172968 0.46988518818397046 0.14215468308172968
3 0.871978287602718 0.1355915086604761 0.9527087582196448 0.1355915086604761 0.9527087582196448 0.2052828679637638 0.871978287602718 0.2052828679637638
3 0.8932321553898039 0.2332187827811917 0.9817962501168382 0.2332187827811917 0.9817962501168382 0.3034374578861985 0.8932321553898039 0.3034374578861985
1 0.2368950851529491 0.09151289590839952 0.3141293731891161 0.09151289590839952 0.3141293731891161 0.13763442190478725 0.2368950851529491 0.13763442190478725
1 0.23202737792376416 0.18752842100378164 0.31380485937382335 0.18752842100378164 0.31380485937382335 0.23389333236162524 0.23202737792376416 0.23389333236162524
1 0.33652082644329967 0.09272982271569197 0.413917371387105 0.09272982271569197 0.413917371387105 0.1384862706698936 0.33652082644329967 0.1384862706698936
1 0.33522277118218696 0.23730072742204691 0.41635122500169 0.23730072742204691 0.41635122500169 0.29121058498510766 0.33522277118218696 0.29121058498510766
1 0.33473600045926993 0.188136884407428 0.41586445427877294 0.188136884407428 0.41586445427877294 0.23523195184965123 0.33473600045926993 0.23523195184965123
1 0.335385028089826 0.13994658283864317 0.41440414211002236 0.13994658283864317 0.41440414211002236 0.1863114941964907 0.335385028089826 0.1863114941964907
1 0.4340372279343374 0.14286720717614457 0.5114337728781434 0.14286720717614457 0.5114337728781434 0.18898873317253226 0.4340372279343374 0.18898873317253226
1 0.5385306764538618 0.24204674197048806 0.6196591302733648 0.24204674197048806 0.6196591302733648 0.29437459468406896 0.5385306764538618 0.29437459468406896
1 0.5347987675781645 0.19312628431732531 0.6139801385059995 0.19312628431732531 0.6139801385059995 0.24034304444027718 0.5347987675781645 0.24034304444027718
1 0.5315536294253854 0.14603121687510603 0.6084634036462736 0.14603121687510603 0.6084634036462736 0.1916659721485764 0.5315536294253854 0.1916659721485764
1 0.6264739203941926 0.15102061678500506 0.7025724100768881 0.15102061678500506 0.7025724100768881 0.19775060618503923 0.6264739203941926 0.19775060618503923
1 0.6316661414386389 0.19677706473920545 0.7103607416435577 0.19677706473920545 0.7103607416435577 0.24387213218142703 0.6316661414386389 0.24387213218142703
1 0.6371828762983436 0.2455758297116442 0.7166887610414565 0.2455758297116442 0.7166887610414565 0.29729521902156836 0.6371828762983436 0.29729521902156836
1 0.7334012225282754 0.24873983941059444 0.8122580796408324 0.24873983941059444 0.8122580796408324 0.29534813612990113 0.7334012225282754 0.29534813612990113
1 0.7259374047769052 0.19994107443816567 0.8025226651825161 0.19994107443816567 0.8025226651825161 0.2477662979647625 0.7259374047769052 0.2477662979647625
1 0.719122614656067 0.1545497045261532 0.7935985352623707 0.1545497045261532 0.7935985352623707 0.19994107443816533 0.719122614656067 0.19994107443816533
1 0.8163145023318418 0.206025708474628 0.8922507351068967 0.206025708474628 0.8922507351068967 0.25153877106736927 0.8163145023318418 0.25153877106736927
0 0.37092397191435056 0.25625009294814033 0.4004665891464671 0.25625009294814033 0.4004665891464671 0.26620467049374474 0.37092397191435056 0.26620467049374474
0 0.5754388052168764 0.25999643933627103 0.603411524914919 0.25999643933627103 0.603411524914919 0.2700580553501079 0.5754388052168764 0.2700580553501079
0 0.6733433241600255 0.2631005549150079 0.7001743001969236 0.2631005549150079 0.7001743001969236 0.2734832863335415 0.6733433241600255 0.2734832863335415
0 0.7693925096538148 0.2639568626608663 0.7970797934365711 0.2639568626608663 0.7970797934365711 0.27519590182525844 0.7693925096538148 0.27519590182525844
2 0.31016040703331266 0.1982310367770239 0.313323990674767 0.1982310367770239 0.313323990674767 0.2244218590394421 0.31016040703331266 0.2244218590394421
2 0.3122213701526829 0.10394197406583404 0.3153849537941373 0.10394197406583404 0.3153849537941373 0.13013279632825225 0.3122213701526829 0.13013279632825225
2 0.41294206500837255 0.24970441794006612 0.41732334210985256 0.24970441794006612 0.41732334210985256 0.279233801227175 0.41294206500837255 0.279233801227175
2 0.4116545626320861 0.19959196175607893 0.4157702851139106 0.19959196175607893 0.4157702851139106 0.22762003185730376 0.4116545626320861 0.22762003185730376
2 0.41124299038390366 0.15162321623041444 0.41420631057081725 0.15162321623041444 0.41420631057081725 0.17835483374986455 0.41124299038390366 0.17835483374986455
2 0.40976133029044687 0.10587696084493517 0.41338316607445247 0.10587696084493517 0.41338316607445247 0.1321764275037937 0.40976133029044687 0.1321764275037937
2 0.5071393242104143 0.15514215895237438 0.5116666189404213 0.15514215895237438 0.5116666189404213 0.18144162561123292 0.5071393242104143 0.18144162561123292
2 0.6135719075903958 0.254042970190617 0.6190869757160407 0.254042970190617 0.6190869757160407 0.28213277612906923 0.6135719075903958 0.28213277612906923
2 0.6080568394647511 0.20490124375763263 0.6139834798385783 0.20490124375763263 0.6139834798385783 0.23218848381212903 0.6080568394647511 0.23218848381212903
2 0.6027887146880156 0.15804374330206067 0.6086330406122065 0.15804374330206067 0.6086330406122065 0.18471362498428343 0.6027887146880156 0.18471362498428343
2 0.6962156150254316 0.162303516070749 0.7026361420970778 0.162303516070749 0.7026361420970778 0.18878819024128965 0.6962156150254316 0.18878819024128965
2 0.7032946576941697 0.20897580901463883 0.7104560148125443 0.20897580901463883 0.7104560148125443 0.23583089820854367 0.7032946576941697 0.23583089820854367
2 0.7099621281147256 0.25719149788921275 0.7167119129849178 0.25719149788921275 0.7167119129849178 0.28540477550211973 0.7099621281147256 0.28540477550211973
2 0.8042944873981431 0.25990787472721694 0.812032045663973 0.25990787472721694 0.812032045663973 0.28750379396785025 0.8042944873981431 0.28750379396785025
2 0.7952398979381292 0.21181565752709772 0.8032243995528686 0.21181565752709772 0.8032243995528686 0.23916463341882147 0.7952398979381292 0.23916463341882147
2 0.7857737362299327 0.16643981716498263 0.7939228667439453 0.16643981716498263 0.7939228667439453 0.19236886880047693 0.7857737362299327 0.19236886880047693
2 0.8720392794489743 0.17279860839940148 0.8819993278549896 0.17279860839940148 0.8819993278549896 0.19798682998816736 0.8720392794489743 0.19798682998816736
2 0.8829871012506273 0.2166927886680597 0.8922886340595508 0.2166927886680597 0.8922886340595508 0.2431774628386003 0.8829871012506273 0.2431774628386003
2 0.8930294641062791 0.2645380625192695 0.9034833992101133 0.2645380625192695 0.9034833992101133 0.29133141587594696 0.8930294641062791 0.29133141587594696
