1 0.0483698770403862 0.003216356039047241 0.2119564786553383 0.003216356039047241 0.2119564786553383 0.12451203167438507 0.0483698770403862 0.12451203167438507
1 0.06040925532579422 0.1265256516635418 0.21681394428014755 0.1265256516635418 0.21681394428014755 0.2380063720047474 0.06040925532579422 0.2380063720047474
1 0.07052728533744812 0.2413773201406002 0.22575995326042175 0.2413773201406002 0.22575995326042175 0.3493303991854191 0.07052728533744812 0.3493303991854191
1 0.08183822780847522 0.3501998126764775 0.23370270283749853 0.3501998126764775 0.23370270283749853 0.46165753155946665 0.08183822780847522 0.46165753155946665
4 0.05845220419859562 0.005620457484069297 0.19631259228527478 1.9196342702316294e-05 0.22963268653512575 0.4613181015794394 0.0917722984484466 0.46691936272080636
0 0.1329295076429844 0.39332883805036545 0.2045457921922207 0.39332883805036545 0.2045457921922207 0.42096317559480667 0.1329295076429844 0.42096317559480667
2 0.20277912775054588 0.15336871333420285 0.21570391727640606 0.15336871333420285 0.21570391727640606 0.21063812970216628 0.20277912775054588 0.21063812970216628
2 0.19326691990524028 0.03223692224019409 0.20780059228211437 0.03223692224019409 0.20780059228211437 0.09671076672058225 0.19326691990524028 0.09671076672058225
2 0.21120209007244664 0.26415722612648246 0.22449885416192716 0.26415722612648246 0.22449885416192716 0.323296903617486 0.21120209007244664 0.323296903617486
2 0.21800508565311108 0.3761747329035598 0.2328479851018335 0.3761747329035598 0.2328479851018335 0.43229944644404156 0.21800508565311108 0.43229944644404156
