1 0.7341197919771383 0.3545161927284702 0.7322065432792216 0.24105501108784516 0.9155362082547933 0.23931609191545203 0.91744945695271 0.352777273556077
1 0.7335714957227046 0.48212490665302776 0.7329940660957269 0.35607269328047886 0.9272119933934482 0.35557224358546624 0.9277894230204259 0.48162445695801515
1 0.4940641262499329 0.4754883840882927 0.4973041530273518 0.3569277389998355 0.681302981712458 0.35975617027628154 0.6780629549350391 0.47831681536473875
1 0.5164179175224768 0.24319316128554294 0.5148215755324539 0.13843461792229994 0.6845214769841153 0.13698002790317346 0.6861178189741383 0.24173857126641646
1 0.5044548480352934 0.3538029924364382 0.5065238242761979 0.2428094285046352 0.6827534998240226 0.24465724685363038 0.6806845235831179 0.3556508107854334
1 0.2770072647219895 0.47257265628688133 0.2841335868860167 0.3530872804151794 0.4570081684195643 0.3588869648833233 0.449881846255537 0.4783723407550252
1 0.09920204979505383 0.3570978827853076 0.10680552472994966 0.24886863473843265 0.2676255492070399 0.255223847992283 0.2600220742721441 0.3634530960391579
1 0.7344546550229805 0.2426099800014562 0.7288019660373469 0.1332121643572795 0.9034044611228419 0.128137358729763 0.9090571501084755 0.2375351743739397
4 0.4933032900151446 0.6152653932141553 0.5187949907466722 0.13178907468067347 0.6945894928327658 0.13700283929420937 0.6690977921012382 0.6204791578276913
1 0.2956265579581016 0.35411159859424435 0.29910183581605027 0.24562349332523054 0.46671321611967004 0.24864367757456882 0.46323793826172144 0.35713178284358266
4 0.04562441981376671 0.6007910788903333 0.1338791582668013 0.13746478791400568 0.285676814111272 0.15372921161460218 0.19742207565823738 0.6170555025909298
1 0.31263614660704653 0.24582214756812804 0.3161521205332114 0.1387390697036873 0.47801371620589916 0.14172851867431355 0.4744977422797343 0.24881159653875426
4 0.2616074277571028 0.6065136149571491 0.32255847189854703 0.13062523185592637 0.48624984167935 0.14241823342078191 0.4252987975379057 0.6183066165220047
4 0.7445713662689991 0.6303310558406365 0.7258628726199707 0.13410277562792094 0.9172125127651044 0.13004481820296565 0.9359210064141328 0.6262730984156812
1 0.12344056519345498 0.252856805223279 0.12751807984189237 0.14791216410999783 0.28495431043352554 0.15135298822366847 0.2808767957850882 0.2562976293369496
0 0.34667121344394686 0.2022291158683725 0.34657494065748856 0.182507558251185 0.4051614480457171 0.1823466855090901 0.4052577208321754 0.20206824312627764
0 0.15795937769756863 0.20877732336516644 0.15902248804913113 0.18825608313079148 0.2127254297923029 0.18982101467738727 0.2116623194407404 0.21034225491176223
0 0.5546356996094317 0.19580283095409243 0.5530845928385983 0.17485962416698306 0.6110636005207766 0.17244420884082942 0.6126147072916099 0.1933874156279388
0 0.7686626830087523 0.19117607803411554 0.7671086465504189 0.17058135147161554 0.8309494589183308 0.16787162094049377 0.8325034953766641 0.18846634750299376
2 0.31195764032246454 0.22613530047509287 0.3196948285736554 0.17001563389984892 0.32879915794942605 0.17072168895953177 0.32106196969823525 0.22684135553477572
2 0.5168554285802744 0.22288046283935156 0.5204632007828586 0.16500085848421808 0.5279516437525181 0.16526341790625912 0.524343871549934 0.22314302226139263
2 0.29534197556864855 0.33189096894834774 0.3025817298846027 0.2722803536186595 0.311561938487618 0.27289384600240946 0.30432218417166385 0.3325044613320977
2 0.504907982691252 0.33142164533651597 0.5099423013466493 0.2701003733576362 0.5176087878038481 0.27045441018992733 0.5125744691484507 0.33177568216880704
2 0.10018710388592465 0.3343450817080911 0.11168698167853751 0.2779383876534482 0.11994372639307208 0.2788852655140459 0.10844384860045922 0.33529195956868874
2 0.4942499536156516 0.45056945088902994 0.4989757245182326 0.38407035735798756 0.5097547424343774 0.3845012396628199 0.5050289715317965 0.4510003331938623
2 0.733182454387152 0.21836764346312246 0.7318767103950572 0.15949105049648651 0.7404580906832559 0.15938399843352374 0.7417638346753506 0.2182605914001597
2 0.7330410567423604 0.45100250919693413 0.7303258077715442 0.38314341798874046 0.7401060822438019 0.3829232900391351 0.7428213312146181 0.4507823812473288
2 0.27739679280192414 0.44756990787778506 0.28474405186522544 0.38292853397862714 0.2936914364071195 0.38350058320753644 0.2863441773438182 0.4481419571066944
1 0.9734593912307009 0.4705015227219567 0.9717561034702843 0.35190472096414427 0.9987951660609659 0.3516862824538245 1.0004984538213826 0.470283084211637
3 -0.04221515112262236 0.45483666224153635 -0.0013809378657864168 0.33287798304231764 0.11002265196185576 0.3538593216451822 0.06918843870501981 0.47581800084440096
2 0.12485157599281253 0.1805636471669638 0.14558164898784556 0.1805636471669638 0.14558164898784556 0.23338999795260193 0.12485157599281253 0.23338999795260193
2 0.07019956536954365 0.3855086870042221 0.09634772562464212 0.3855086870042221 0.09634772562464212 0.4469921989553997 0.07019956536954365 0.4469921989553997
2 0.7323840561540643 0.2662518750299554 0.7406289715498162 0.2662518750299554 0.7406289715498162 0.3287954475320153 0.7323840561540643 0.3287954475320153
