1 0.3915336507110287 0.39062927004361014 0.39133646646623704 0.2974782690670476 0.513534627283763 0.29733276608920245 0.5137318115285546 0.39048376706576493
1 0.4059359537765541 0.550399048432832 0.40586604817759575 0.47110192929220707 0.5204599609369875 0.47104510439919933 0.5205298665359459 0.5503422235398243
1 0.39890393064049035 0.47112508257153274 0.3986954345467404 0.39168196733715777 0.5168039957918013 0.39150760785815475 0.5170124918855513 0.4709507230925298
1 0.412095581032495 0.63054951518109 0.41220853676166164 0.55078144877484 0.5243502197487551 0.5508707729048476 0.5242372640195884 0.6306388393110977
2 0.5101885261845218 0.4537512869349572 0.5102423185022301 0.40775287384901987 0.5161019448579847 0.4077567283650685 0.5160481525402764 0.4537551414510058
2 0.5028835185100891 0.3687501026627963 0.5028285133022953 0.3216244465587478 0.5124293375370587 0.32161814312132486 0.5124843427448524 0.36874379922537337
2 0.5146705699916491 0.5337020979366854 0.5143159964239407 0.4895635481319989 0.5195382165343543 0.48953995063188716 0.5198927901020627 0.5336785004365737
2 0.5154800201408659 0.6080892414980239 0.5154016212063255 0.5676086536103486 0.5221476495229611 0.567601304512392 0.5222260484575016 0.6080818924000672
0 0.4546576397402382 0.6036400228835516 0.45458968726627985 0.582791756281989 0.5044888905632208 0.5827002709519481 0.5045568430371791 0.6035485375535107
4 0.41988761617352144 0.6325325174322588 0.3963202059786457 0.30161186792825523 0.5015534371732712 0.29739622881569183 0.5251208473681469 0.6283168783196954
