4 0.16513802702588523 0.5748196035551332 0.17265718387154466 0.05154808469974898 0.335983956749536 0.0528682306711777 0.32846479990387656 0.5761397495265619
1 0.6080839820774364 0.30281678000351353 0.6080515577761184 0.17701198875093443 0.7941495370826082 0.17698500901905145 0.7941819613839262 0.3027898002716306
1 0.38385510084715924 0.3070892295667932 0.3827447097341354 0.1830337467033243 0.5623363291746527 0.18212953815769214 0.5634467202876765 0.306185021021161
1 0.38439498556150753 0.4377810483700937 0.3825141932102616 0.31248942228968135 0.5628609523533202 0.3109665984276565 0.5647417447045662 0.43625822450806884
3 5.751843663574045e-05 0.4335599408868731 0.005624254704705239 0.28203331006525095 0.17120969378246442 0.285455123683764 0.16564295751439492 0.43698175450538623
1 0.16215268324463042 0.3085537306260947 0.16056691039409515 0.18675909302827587 0.335694065487442 0.185476500132181 0.33727983833797726 0.30727113772999987
1 0.38522597444312895 0.17582650634961614 0.3843866959890519 0.04693340202413228 0.562711077448364 0.04628025696848344 0.5635503559024411 0.17517336129396727
1 0.6080815418071298 0.4374771908325609 0.6079203021471348 0.3078295997490475 0.7955702805613337 0.30769832582497064 0.7957315202213289 0.4373459169084841
1 0.6122977963570245 0.17293442303844672 0.6110410834234604 0.04497565154491853 0.7911029273963198 0.043980910030870644 0.7923596403298838 0.1719396815243988
4 0.3880636285389983 0.5743413055706839 0.39165903944811414 0.0463236645268712 0.5598388175136666 0.04696782845432871 0.5562434066045507 0.5749854694981413
1 0.16585650188556675 0.17928770676393682 0.1644609101298848 0.053617373396325704 0.3382721941847898 0.0525316326843265 0.33966778594047176 0.17820196605193764
0 0.8840872033359055 0.11796349111413573 0.8827283166171556 0.09253575673913574 0.949283450865304 0.09053506730504736 0.9506423375840539 0.11596280168004737
0 0.6524661051798788 0.11854660281879119 0.6520787353882121 0.09236595401508024 0.7180222981404338 0.09181712093609161 0.7184096679321006 0.11799776973980255
0 0.4215472415999452 0.12395297209538832 0.4202231042301535 0.09906156889714614 0.4857908931656798 0.09709957917414291 0.48711503053547145 0.1219909823723851
0 0.19874173948415114 0.12782352347441092 0.19751098590342198 0.10281415457792654 0.2606576338882448 0.1010661554806672 0.26188838746897397 0.12607552437715158
4 0.6210308884497977 0.5755294891629101 0.6176047530789034 0.04520284416543063 0.787178806856834 0.04458661393472828 0.7906049422277284 0.5749132589322078
2 0.15621706270614275 0.4098452727910979 0.15725008272567392 0.3419212005254729 0.16911226569881072 0.3420226785883127 0.16807924567927957 0.4099467508539377
2 0.3838675537105983 0.15114234936372306 0.3840658772783066 0.08066329968110589 0.3930503336591934 0.08067752063139413 0.39285201009148507 0.15115657031401133
2 0.3834914592487825 0.27886162996703184 0.38312361650505206 0.207923516894133 0.391364095083489 0.20789948115274187 0.3917319378272195 0.2788375942256407
2 0.6080637483511473 0.27538035088746987 0.6108566261891173 0.20591520920684048 0.6186814356822 0.20609217173475156 0.6158885578442299 0.275557313415381
2 0.1653413332778439 0.15648200847975954 0.16678756623684943 0.08936355004759598 0.1727789820087024 0.08943616871359421 0.17133274904969684 0.1565546271457578
2 0.0007651448121466089 0.390791192651805 0.0001983443767624758 0.32524547731977377 0.009795002155423378 0.3251987975825699 0.010361802590807512 0.39074451291460116
2 0.8427309928208387 0.1448683066301618 0.8415122859993635 0.07519021625372367 0.8495051246610941 0.07511157931910192 0.8507238314825694 0.14478966969554005
2 0.38372114970087734 0.41006420011135075 0.3821917872686967 0.33950014935040057 0.3906021064194526 0.3393976167628808 0.39213146885163325 0.409961667523831
2 0.6083620955380686 0.4070864307070383 0.6108151622988909 0.3373589801593997 0.6181142355298955 0.33750342293631574 0.6156611687690733 0.40723087348395437
2 0.8452947436892473 0.20451750279362776 0.8537056366612795 0.20451750279362776 0.8537056366612795 0.2735753608797878 0.8452947436892473 0.2735753608797878
2 0.8466227794216734 0.33582703583726375 0.8559190295486565 0.33582703583726375 0.8559190295486565 0.4063789341224031 0.8466227794216734 0.4063789341224031
2 0.6117817940709817 0.0788521216128029 0.6190859905993256 0.0788521216128029 0.6190859905993256 0.1475779707658564 0.6117817940709817 0.1475779707658564
2 0.16135634148977768 0.21331573952095098 0.16976723446181 0.21331573952095098 0.16976723446181 0.2812115663412382 0.16135634148977768 0.2812115663412382
