1 0.37914448417948887 0.7269696695574757 0.3806886736326138 0.6750353433856006 0.4530496147051332 0.676245587038894 0.4515054252520082 0.7281799132107692
1 0.5643231608821516 0.7278235502606653 0.56296630866861 0.6753078031903528 0.6358658474484103 0.6742483291817235 0.637222699661952 0.726764076252036
1 0.6626057069031662 0.7858918189408789 0.6589554790385829 0.7304795874955664 0.7356556001075018 0.7276375296518359 0.7393058279720851 0.7830497610971484
1 0.562716065568123 0.674703338874115 0.560804932755623 0.62196627832724 0.631848631697502 0.6205180966727603 0.633759764510002 0.6732551572196352
1 0.7507966128955555 0.7307796861673704 0.7462394839893056 0.6781216051126829 0.8216291222157609 0.6744516523789202 0.8261862511220109 0.7271097334336077
4 0.3723286121938848 0.8463610661802372 0.3840709624543014 0.6199543278989872 0.45442000434257357 0.6220066541320397 0.442677654082157 0.8484133924132897
1 0.28979306190870585 0.7255150124876418 0.2919573685493308 0.6750084206907667 0.36447614493837627 0.676756429927685 0.3623118382977514 0.7272630217245601
1 0.7607236118805702 0.7894902036664705 0.7543217564118202 0.731474700736783 0.8301023559813115 0.7267709709237109 0.8365042114500616 0.7847864738533984
1 0.4697656656834813 0.7285069553783019 0.46963049315743965 0.6748373997142394 0.542349405931102 0.6747343776295107 0.5424845784571437 0.7284039332935732
4 0.469469334271724 0.8481261990482118 0.4764815041060801 0.6207018666909605 0.5492960206935701 0.621964728980923 0.542283850859214 0.8493890613381744
1 0.47315346848721884 0.6754456511006183 0.47152841208693347 0.6216969407920152 0.5425874096322209 0.6204884537617423 0.5442124660325062 0.6742371640703454
1 0.8482246211418905 0.7315238562295722 0.8386009232252237 0.6783639441201971 0.9128154337473755 0.6708066020159381 0.9224391316640422 0.7239665141253132
1 0.3745612745906577 0.7841775510451009 0.376291336439616 0.7292138059279134 0.45112086758884923 0.7305386991037086 0.44939080573989093 0.7855024442208961
3 0.8347815747805768 0.6732161819225354 0.824886066968077 0.6117123977428481 0.8667855102351493 0.6079204091039901 0.8766810180476491 0.6694241932836774
4 0.8770765936980998 0.858918139471728 0.8328921357948111 0.6265672346288836 0.9036095311560375 0.6190028440295832 0.9477939890593261 0.8513537488724275
1 0.5658270389815242 0.7852294296226967 0.5643427453617327 0.7296473983726965 0.6399064535322554 0.7285123321621938 0.641390747152047 0.784094363412194
4 0.7749261607188661 0.8556062253448912 0.7413825057819242 0.6219260665492315 0.8127890800385388 0.6161604033734034 0.8463327349754808 0.849840562169063
4 0.6751467820188667 0.8531453489570731 0.6521369885981949 0.6223789138828943 0.7235757011993083 0.6183721271701849 0.74658549461998 0.8491385622443636
1 0.3843134756312045 0.6750737565695211 0.38624514621258565 0.620935153222834 0.45501410966371864 0.6223153500447298 0.4530824390823375 0.6764539533914169
1 0.4680750679795891 0.7848490937775303 0.46936095665146405 0.7275206025665929 0.5452284754456305 0.7284778214688787 0.5439425867737555 0.7858063126798162
1 0.7442723636296412 0.678465813702521 0.7388088219629746 0.6233486262025211 0.8113303508890862 0.6193049470471264 0.816793892555753 0.6744221345471263
4 0.27535865918168484 0.8460014933090253 0.30525989370973255 0.6185116203092889 0.37539411750131074 0.6236969881834263 0.345492882973263 0.8511868611831627
3 0.8603979491960175 0.7885127942716036 0.8478666991960176 0.729850806966917 0.9059092621575359 0.722876408910383 0.9184405121575356 0.7815383962150696
1 0.8716081141355471 0.8584538189177578 0.8606455577023628 0.7900504745143502 0.9399682532253247 0.782899676732474 0.950930809658509 0.8513030211358816
3 0.6688293052698939 0.850243776941085 0.6623467206344772 0.78647058358171 0.71540120417021 0.7834370091917277 0.7218837888056268 0.8472102025511026
3 0.23471559910956466 0.6680962231050632 0.243142194161648 0.6131195385347508 0.30634777759643944 0.61856897444925 0.2979211825443561 0.6735456590195624
4 0.5715415257270271 0.8507182735612271 0.5624410507292598 0.6209679246992098 0.6347424007082044 0.6193569941610666 0.6438428757059718 0.8491073430230839
1 0.7675838472243159 0.852307811189442 0.761821640193066 0.7917034410722544 0.8409274439982914 0.7874727063886833 0.8466896510295414 0.8480770765058707
2 0.28095979849460845 0.7708102713913604 0.28478983592950424 0.7400940848679229 0.29023699951177756 0.7404761423129521 0.2864069620768817 0.7711923288363896
2 0.29051816993244617 0.7156080077016359 0.2929192698314488 0.686310324504294 0.29730373315751835 0.6865124475898603 0.29490263325851573 0.7158101307872022
2 0.3752777297316502 0.7708205112251026 0.376420591122707 0.7395146732323699 0.3805778814473674 0.7396000424122356 0.37943502005631063 0.7709058804049684
3 0.22161098168331314 0.7228165637046566 0.28928721314974865 0.7228165637046566 0.28928721314974865 0.7830369391620808 0.22161098168331314 0.7830369391620808
2 0.29573919744011273 0.6361316943333691 0.3044327601655035 0.6361316943333691 0.3044327601655035 0.6626865768400174 0.29573919744011273 0.6626865768400174
2 0.3840183752970351 0.6349462085071785 0.38955064248592014 0.6349462085071785 0.38955064248592014 0.6623902053834699 0.3840183752970351 0.6623902053834699
2 0.379750626322753 0.6853886304115494 0.3848086991811623 0.6853886304115494 0.3848086991811623 0.714433033153196 0.379750626322753 0.714433033153196
2 0.46850399851015184 0.7400988012902022 0.47285077987284724 0.7400988012902022 0.47285077987284724 0.7713956271016089 0.46850399851015184 0.7713956271016089
2 0.4704007758320553 0.6856850018680967 0.47451046002951286 0.6856850018680967 0.47451046002951286 0.7144923074445055 0.4704007758320553 0.7144923074445055
2 0.47277174748443324 0.63488693421587 0.4766443345166528 0.63488693421587 0.4766443345166528 0.6617974624703736 0.47277174748443324 0.6617974624703736
2 0.5612089901181828 0.6342941913027753 0.5644493180431013 0.6342941913027753 0.5644493180431013 0.6615010910138278 0.5612089901181828 0.6615010910138278
2 0.5630267350516737 0.6858628247420253 0.5663460953650047 0.6858628247420253 0.5663460953650047 0.7146108560271244 0.5630267350516737 0.7146108560271244
2 0.5644493180431013 0.7406322699119873 0.5680057755216703 0.7406322699119873 0.5680057755216703 0.7712770785189899 0.5644493180431013 0.7712770785189899
2 0.660236572799225 0.74146210999032 0.6648994837155708 0.74146210999032 0.6648994837155708 0.7721661928886322 0.660236572799225 0.7721661928886322
2 0.7400592850959956 0.635124031381108 0.7478044591604348 0.635124031381108 0.7478044591604348 0.6626865768400174 0.7400592850959956 0.6626865768400174
2 0.7474883296067842 0.6870483105682148 0.7551544712828105 0.6870483105682148 0.7551544712828105 0.7160927133098614 0.7474883296067842 0.7160927133098614
2 0.7555496332248737 0.7420548529034149 0.7620302890747104 0.7420548529034149 0.7620302890747104 0.7726996615104175 0.7555496332248737 0.7726996615104175
2 0.7628273707479828 0.8005199407811051 0.7701122160347985 0.8005199407811051 0.7701122160347985 0.8321309658649659 0.7628273707479828 0.8321309658649659
2 0.8619533012578674 0.8013980248112124 0.872750482665112 0.8013980248112124 0.872750482665112 0.8331066147873072 0.8619533012578674 0.8331066147873072
2 0.8403589384433782 0.6874422306817388 0.8507658602816862 0.6874422306817388 0.8507658602816862 0.7169068281364486 0.8403589384433782 0.7169068281364486
0 0.757544384360071 0.6427986748076074 0.7846924277263237 0.6427986748076074 0.7846924277263237 0.6531869567079592 0.757544384360071 0.6531869567079592
0 0.576757411107531 0.6419958214417403 0.6012737563923612 0.6419958214417403 0.6012737563923612 0.6516569236090674 0.576757411107531 0.6516569236090674
0 0.48741818676450566 0.6416841729847298 0.5126270841760261 0.6416841729847298 0.5126270841760261 0.6516569236090675 0.48741818676450566 0.6516569236090675
0 0.39932555624952243 0.6431385324507789 0.4235648806836766 0.6431385324507789 0.4235648806836766 0.6527996346181061 0.39932555624952243 0.6527996346181061
