4 0.053750820067815 0.046520459187519056 0.1609476652294026 0.03476265469066723 0.23407256810152907 0.40977330205815005 0.12687572293994148 0.42153110655500187
0 0.14860386093484332 0.36352973354576185 0.19734097803291362 0.36352973354576185 0.19734097803291362 0.38203753785871103 0.14860386093484332 0.38203753785871103
1 0.10925526891053056 0.3302808310146917 0.22101256688008106 0.3302808310146917 0.22101256688008106 0.41158378020876374 0.10925526891053056 0.41158378020876374
1 0.09335226463448006 0.24574290455141196 0.20981152546561302 0.24574290455141196 0.20981152546561302 0.32995608797516185 0.09335226463448006 0.32995608797516185
1 0.07625264601253269 0.15768654592619177 0.19868647200448958 0.15768654592619177 0.19868647200448958 0.24691679021640942 0.07625264601253269 0.24691679021640942
1 0.053420357543385665 0.04604515892732221 0.18505177729121183 0.04604515892732221 0.18505177729121183 0.15510528423055445 0.053420357543385665 0.15510528423055445
2 0.20948845534690538 0.3501422595805972 0.22053679151952246 0.3501422595805972 0.22053679151952246 0.39184213821085095 0.20948845534690538 0.39184213821085095
2 0.19889266859042162 0.26757844649421814 0.20951489805621365 0.26757844649421814 0.20951489805621365 0.31421410082799195 0.19889266859042162 0.31421410082799195
2 0.18583674934424962 0.17762683974213778 0.19619419687168654 0.17762683974213778 0.19619419687168654 0.22837666162671957 0.18583674934424962 0.22837666162671957
2 0.16748206679255695 0.0780766490532028 0.18543345249619694 0.0780766490532028 0.18543345249619694 0.136327908904014 0.16748206679255695 0.136327908904014
