3 0.5790684407553771 0.8325424227670795 0.5790595197222713 0.6566695519499397 0.6862506818313087 0.6566664935251552 0.6862596028644143 0.8325393643422949
3 0.5748971354557009 0.5342474866241458 0.5747246094140342 0.38033015874328646 0.6794391576489787 0.380264135524505 0.6796116836906454 0.5341814634053644
4 0.41638449330256877 0.7862931972136386 0.41051035460374224 0.2600886939124407 0.5715964652695639 0.25907718373019184 0.5774706039683903 0.7852816870313897
3 0.5768389079168922 0.6827496129587685 0.5771299738230865 0.5284531150140034 0.6583809890180189 0.5285393307602037 0.6580899231118247 0.6828358287049686
2 0.5757043999555653 0.6228408231483269 0.5757763901843811 0.5553065154849973 0.5853420406431455 0.5553122511811402 0.5852700504143298 0.6228465588444698
2 0.5742777204381218 0.4950620339917659 0.5742926130162468 0.42828023467536 0.5855035421340052 0.42828164096864935 0.5854886495558802 0.4950634402850553
3 0.5719550374569686 0.3952990618091052 0.572328898134052 0.21821597770265988 0.6330445556419898 0.21828808113523088 0.6326706949649065 0.3953711652416762
2 0.5756641669272183 0.7495513008110501 0.5757508368490933 0.68666641311574 0.5893524991704039 0.6866769578740731 0.5892658292485289 0.7495618455693833
2 0.5730080300897619 0.36797344195126075 0.5730621479283036 0.2958264082598548 0.5766886623056467 0.2958279384094548 0.576634544467105 0.3679749721008607
0 0.6060823756148545 0.710579336927761 0.6540944929748408 0.710579336927761 0.6540944929748408 0.7550611515406874 0.6060823756148545 0.7550611515406874
