1 0.6540546875010088 0.6115153212417007 0.6539861653655921 0.5152321181167007 0.7973126627594079 0.5151747422348619 0.7973811848948246 0.611457945359862
2 0.7921976446975756 0.778824305739744 0.7921056850621588 0.7286575576928704 0.7991428540118501 0.7286503016173255 0.7992348136472669 0.7788170496641991
1 0.6493175659168093 0.5135870829081718 0.6493091079620842 0.40931052501914705 0.7971756037326316 0.4093037786363986 0.7971840616873569 0.5135803365254232
1 0.6585595498944304 0.7064324490489747 0.6590138142173471 0.6133146511974122 0.798329284740986 0.6136969454822754 0.7978750204180693 0.7068147433338379
4 0.668951776021972 0.8044837586100166 0.6598250925037568 0.40973082771589875 0.787766302387201 0.4080669530550934 0.7968929859054161 0.8028198839492113
2 0.7911489282986001 0.6869879810000553 0.7910974960069334 0.6345116626406807 0.799014790282835 0.6345072977654733 0.7990662225745017 0.686983616124848
1 0.6643474121506607 0.7994603745488349 0.6646293131923274 0.7063671128300849 0.7999494628493392 0.7065976088496024 0.7996675618076726 0.7996908705683524
0 0.7143888346193646 0.7690064139646531 0.7144581705568647 0.7462277274412156 0.776906250016052 0.7463346504884721 0.7768369140785519 0.7691133370119096
2 0.7898400009350467 0.5908196134968506 0.7897762802889934 0.5371055164550518 0.7977487424961823 0.5371001965131812 0.7978124631422356 0.59081429355498
2 0.7889289130573316 0.4904510115915332 0.7888877003428996 0.43508803702139126 0.795795437557892 0.43508514454289954 0.795836650272324 0.4904481191130415
