3 0.22508991542194276 0.7903912825407722 0.2245948796146511 0.7400773176970222 0.3520331721431614 0.7393720231232905 0.35252820795045303 0.7896859879670406
4 0.36412239738119306 0.9051645947069781 0.6747592530179134 0.6937755292490894 0.7449067626070894 0.7517591387196627 0.43426990697036905 0.9631482041775514
3 0.5664152055956666 0.8738839217750061 0.6626284085499544 0.8070444688830808 0.7099509762673577 0.8453615672958164 0.6137377733130699 0.9122010201877417
3 0.48137701174015984 0.9344806711203918 0.5835178735213955 0.8574609295329096 0.6324003393692271 0.893925667146775 0.5302594775879915 0.9709454087342572
2 0.07886253644234958 0.7525299809924975 0.07878473692579761 0.7474800342385397 0.13500051690968976 0.7469928750853615 0.13507831642624174 0.7520428218393193
2 0.45154613850260505 0.9497598691469509 0.4927644002213556 0.9206443906313257 0.4952053800378964 0.9225881945599418 0.45398711831914584 0.9517036730755669
2 0.6849229980188215 0.7937178818831476 0.7259513728251281 0.7647909792659565 0.729074108488648 0.7672823601663651 0.6880457336823413 0.7962092627835562
2 0.379132075915993 0.7416929870345167 0.37898817658776107 0.7348244172762782 0.43489309942641075 0.7341655999194585 0.43503699875464263 0.741034169677697
4 0.05442919408372118 0.7499000593667529 0.04891580081040516 0.6749398394990167 0.4583081786084534 0.65800229693233 0.46382157188176937 0.7329625168000663
3 0.10067121359073976 0.7570942836940424 0.09989594538828576 0.7312008202978453 0.25073694447235845 0.7286604106396181 0.25151221267481244 0.7545538740358151
3 0.6555161269506209 0.8164510130036411 0.7424363444566606 0.7488790853561627 0.7748494653088381 0.7723320566134819 0.6879292478027984 0.8399039842609602
3 0.3823042449140378 0.9776950847452878 0.5008952811655748 0.9068191521588707 0.5242717182385199 0.9288207348512075 0.40568068198698287 0.9996966674376245
3 0.34010626212636647 0.7973893953810083 0.33954644767324144 0.7355123201856958 0.46305122892181066 0.7348837979783669 0.46361104337493564 0.7967608731736795
2 0.27682571843364273 0.746096177577779 0.27672123653488095 0.739314284207697 0.33293701651877305 0.7388271250545186 0.33304149841753483 0.7456090184246008
2 0.6063430782869335 0.8464121627654768 0.6473714530932402 0.8174852601482857 0.6538970281895805 0.8226914943323471 0.6128686533832738 0.8516183969495382
2 0.5287379115447891 0.898779872650485 0.5699561732635395 0.8696643941348597 0.5753992938804842 0.8739988663691044 0.5341810321617337 0.9031143448847295
3 0.00022729912030375842 0.7478709305794343 0.14501683875379767 0.7478709305794343 0.14501683875379767 0.7807724782434011 0.00022729912030375842 0.7807724782434011
