3 0.7675100245719882 0.5221967363096909 0.7681013091046984 0.39471564005290827 0.8965177433178281 0.3950506778946599 0.8959264587851179 0.5225317741514426
3 0.7716005764078593 0.39328432636380517 0.7718378801022834 0.2660209429238408 0.8934927850506599 0.2661485436614207 0.8932554813562358 0.39341192710138506
4 0.6194955147777754 0.5069234240169966 0.6419905008716744 0.023664163480623585 0.7862178641284732 0.02744054387851083 0.7637228780345742 0.5106998044148839
2 0.7651529375304517 0.4771732123274216 0.7653043047179517 0.41909215763992286 0.7791599164240369 0.4191124693027328 0.779008549236537 0.47719352399023157
2 0.7810539827970993 0.1282550772425051 0.7810614697762659 0.06124317920173387 0.7964657272682943 0.061244147296789224 0.7964582402891277 0.12825604533756044
2 0.7711893603379375 0.3653397955892334 0.7713120816921041 0.30516328191735875 0.7842343075608901 0.3051781054928767 0.7841115862067234 0.36535461916475137
0 0.7949089352807795 0.4690849377355939 0.795115315489113 0.43973667113403136 0.8482224123754706 0.43994673951049984 0.8480160321671373 0.4692950061120624
2 0.776934199210188 0.24962572000471556 0.7767597200435213 0.18522676370588773 0.78952841335399 0.1852073041138127 0.7897028925206567 0.24960626041264056
3 0.7780755396267817 0.2745798209727792 0.7782464802862654 0.12819394923948274 0.9190715944414392 0.12828645075551223 0.9189006537819555 0.2746723224888087
3 0.7812168828229387 0.0 0.9332910354284624 0.0 0.9332910354284624 0.15173241293673817 0.7812168828229387 0.15173241293673817
