3 0.6574634190383594 0.7207837777838868 0.6552760817987762 0.6751916146979494 0.7732632509174123 0.6720075428613081 0.7754505881569954 0.7175997059472455
4 0.41779835906401197 0.8921243275277242 0.4153020965688835 0.8053036778207429 0.8780141282701326 0.7978202505974175 0.880510390765261 0.8846409003043988
4 0.44150099258294534 0.7215001023143561 0.43724429675811755 0.6448023419612118 0.8689848088688205 0.6313240374435513 0.8732415046936481 0.7080217977966955
3 0.5287883841023358 0.9260802549877178 0.5289569628752195 0.887412411520383 0.6511049708937717 0.8877119563667911 0.6509363921208879 0.926379799834126
2 0.6725869511808993 0.8917607481581051 0.672555291535649 0.8868300983145335 0.7340897728219767 0.8866078477087569 0.734121432467227 0.8915384975523285
3 0.6495351462409201 0.9305689585604203 0.6482706370943 0.8882337954942141 0.7791697304433329 0.8860345186408811 0.7804342395899532 0.9283696817070874
3 0.42741822423402065 0.7310135558830582 0.4268165298725717 0.7054192864595764 0.5464442407768216 0.7038373555070883 0.5470459351382706 0.72943162493057
3 0.7660417253839333 0.7493275060469483 0.7657118285000594 0.7103191687167044 0.9106187305133823 0.709629830474741 0.9109486273972565 0.7486381678049849
2 0.5596387982641752 0.8929204386051708 0.5597293637807367 0.8869268569258107 0.6191869851655518 0.8874322234822865 0.6190964196489904 0.8934258051616465
2 0.7869848085624038 0.7151317146312925 0.7870244203304952 0.7090737063540156 0.84646396791533 0.7092923276111969 0.8464243561472385 0.7153503358884739
3 0.7656852671498345 0.9091936707405837 0.7637848765248345 0.8775683045296462 0.9107569197591453 0.8726004991350581 0.9126573103841453 0.9042258653459957
3 0.5469263237227702 0.7246796663934254 0.545658096722284 0.6812953085888649 0.6563988429406791 0.6794743763110271 0.6576670699411652 0.7228587341155875
3 0.4005807938286486 0.8982695948348289 0.40117623345471504 0.8614900637159097 0.5307956413615208 0.8626704498655606 0.5302002017354543 0.8994499809844798
