1 0.3271835612481498 0.2142414487337021 0.328485341913939 0.15994415105205695 0.41442931115038284 0.16110318867965498 0.41312753048459355 0.21540048636130013
1 0.2171093046943864 0.21703391925769241 0.21796721398006005 0.16225076145825829 0.3055595905562927 0.16302234533336868 0.3047016812706191 0.2178055031328028
1 0.5462790557251289 0.27236071685975805 0.5463560414022122 0.21419300750917206 0.6333277515987361 0.21425775582984893 0.6332507659216527 0.2724254651804349
1 0.32685984496574094 0.2729268151688299 0.3275224454603408 0.21560035422985435 0.4143860357367421 0.21616510512371973 0.41372343524214217 0.27349156606269526
4 -0.0035608891623387057 0.34223235688839493 0.020017535927179485 0.1090959280553871 0.09865365497044411 0.11356944670047225 0.07507522988092591 0.3467058755334801
1 0.1113935399846458 0.22131280652446647 0.11056810053152079 0.16519970837993522 0.19624744212595638 0.16449075182514283 0.1970728815790814 0.22060384996967408
4 0.10471198026323883 0.3397821644253639 0.12166286100823243 0.10428564509479037 0.2040930874934731 0.10762311067765604 0.18714220674847948 0.3431196300082296
4 0.6679308144888151 0.33508843185653553 0.6497056685349067 0.10350734570734739 0.7295604278801986 0.09997233071123891 0.7477855738341068 0.33155341686042705
1 0.5439043782971386 0.2150207568719598 0.5434297689221386 0.15934457889344403 0.6290601827608057 0.15893398029003664 0.6295347921358057 0.21461015826855237
4 0.4432468166021794 0.336227039691365 0.438567086201813 0.10534441838735481 0.5206763358473806 0.10440827106444057 0.525356066247747 0.3352908923684508
1 0.11598411337723916 0.16380371866326418 0.11561258257577886 0.10808011071900034 0.20044876121660074 0.10776194072398562 0.20082029201806104 0.16348554866824946
4 0.5541679517419423 0.33388574182417846 0.544048308867671 0.10350709879628496 0.6251769347291114 0.10150253622370073 0.6352965776033827 0.3318811792515942
4 0.3287979522887203 0.3368437126223135 0.33216155291843535 0.10375218920014831 0.41455678921020495 0.1044209989185017 0.41119318858048987 0.33751252234066687
1 0.005399621371706456 0.22099764531728958 0.007186940011737605 0.16664427249231664 0.09269589793129633 0.1682259197272577 0.09090857929126518 0.2225792925522306
1 0.6497020945148329 0.21155410363099975 0.651550729453717 0.15865072133762662 0.7374737861771623 0.1603396058905373 0.7356251512382782 0.21324298818391046
3 0.4356345874677483 0.3324155627074058 0.43836111607970873 0.24175590986252452 0.49167359777432396 0.24265778711675443 0.4889470691623635 0.3333174399616357
1 0.10644825327156053 0.2736481618302136 0.10868266896166462 0.21988122457435366 0.1938795309731151 0.22187279101657212 0.19164511528301104 0.2756397282724321
1 0.32907673175643004 0.16047680006188103 0.33009821613143 0.10364553175133412 0.4135980557075339 0.10448974574632985 0.412576571332534 0.16132101405687677
4 0.21472924828424436 0.3384641683247138 0.2272476074142116 0.10402759160845426 0.31221149322259417 0.10657958137651939 0.29969313409262693 0.34101615809277896
1 0.5426537254156326 0.1601469459594809 0.5408556297125076 0.10367484665528161 0.6242073571940514 0.10218199723947152 0.6260054528971765 0.15865409654367083
1 0.21406601909855058 0.2747607723630887 0.2136618291495431 0.21868030672564628 0.30269757075821097 0.21831934528940422 0.30310176070721845 0.2743998109268467
1 0.5494477835642514 0.3339250470949819 0.5481118460642515 0.2732127668215444 0.636418049631529 0.2721197588309539 0.637753987131529 0.3328320391043914
1 0.4348323653614279 0.26777684306791116 0.4395291010821489 0.21310629202477477 0.5282514782577538 0.21739373511732338 0.5235547425370328 0.2720642861604598
3 0.6443250063385839 0.26512216568712355 0.6546410528901518 0.1804724104917484 0.6966187216131373 0.18334999727054224 0.6863026750615695 0.26799975246591734
1 0.22194325763076708 0.16252670360748803 0.2234394372676919 0.10522545660361143 0.3088231856780337 0.10647951398824501 0.30732700604110885 0.1637807609921216
1 0.6598275147544602 0.33206047986810133 0.6595797934002937 0.2747155702001325 0.7477128422879438 0.27450141437412584 0.7479605636421105 0.33184632404209463
0 0.5603506110701013 0.13385384863014754 0.5597643940443113 0.1232654691517439 0.5889688873460402 0.12235597244156708 0.5895551043718302 0.13294435191997073
2 0.3270061377984426 0.26125241006621486 0.3273318620822968 0.22909658731230853 0.33161177569535943 0.22912097373188714 0.3312860514115053 0.26127679648579344
2 -7.730012355962795e-18 0.2687807931062295 0.0020694162384530023 0.23758104944632596 0.007117706652964566 0.23776939860486968 0.005048290414511556 0.2689691422647732
1 0.6475977994283144 0.15902401307044606 0.6459718228658144 0.10307323792396167 0.7294214063008524 0.10170911070885086 0.7310473828633525 0.15765988585533525
0 0.027622976847740028 0.14323775759956897 0.027177168992827898 0.13160365233927873 0.0579605048201261 0.13094013399468674 0.05840631267503823 0.14257423925497695
2 0.21404007037458225 0.26417811639459104 0.21800029581330888 0.23152954212646348 0.2231543361227823 0.2318812045995388 0.2191941106840557 0.2645297788676663
0 0.34513940375192687 0.13582318186059975 0.34480822469294936 0.12460053006933328 0.375925883427588 0.12408399855921777 0.3762570624865655 0.13530665035048423
0 0.6699086518871964 0.12268308225246956 0.6981552721996206 0.12268308225246956 0.6981552721996206 0.13343366162510867 0.6699086518871964 0.13343366162510867
0 0.2394638856336865 0.12647740438398927 0.26897527998995063 0.12647740438398927 0.26897527998995063 0.13786037077854832 0.2394638856336865 0.13786037077854832
0 0.13216888758126877 0.12932314598262903 0.16273426030739951 0.12932314598262903 0.16273426030739951 0.14023182211074808 0.13216888758126877 0.14023182211074808
1 0.010736174706188407 0.16523513936775994 0.013253220042577578 0.11022638786926489 0.09781178483832946 0.11240279118959678 0.09529473950194028 0.16741154268809183
2 0.10638058197558763 0.2650560813493302 0.10845453294838202 0.23378796935134769 0.11255252839476204 0.23394086348592896 0.11047857742196766 0.26520897548391137
2 0.00572574551308928 0.1807604542795046 0.012117275388165686 0.1807604542795046 0.012117275388165686 0.21181929476620398 0.00572574551308928 0.21181929476620398
2 0.011052020408986285 0.12583324441556673 0.017044079666870417 0.12583324441556673 0.017044079666870417 0.15639274663077582 0.011052020408986285 0.15639274663077582
2 0.11584647898575984 0.12353628836671113 0.1213059107540543 0.12353628836671113 0.1213059107540543 0.15339671700183388 0.11584647898575984 0.15339671700183388
2 0.11145230219664484 0.17766455699626443 0.11717804770973411 0.17766455699626443 0.11717804770973411 0.20892313279155997 0.11145230219664484 0.20892313279155997
2 0.2177114863697901 0.17576707156460117 0.22436932998966136 0.17576707156460117 0.22436932998966136 0.20582723550831988 0.2177114863697901 0.20582723550831988
2 0.22237197690370022 0.12143906762645171 0.22756509492719965 0.12143906762645171 0.22756509492719965 0.15189870218736268 0.22237197690370022 0.15189870218736268
2 0.3290306316940375 0.11874264096040382 0.3331584947383576 0.11874264096040382 0.3331584947383576 0.14910240786701678 0.3290306316940375 0.14910240786701678
2 0.3279653767148581 0.17257130662706296 0.3319600828867808 0.17257130662706296 0.3319600828867808 0.20402961773095465 0.3279653767148581 0.20402961773095465
2 0.43795295331513123 0.2278979871081931 0.4422139732318488 0.2278979871081931 0.4422139732318488 0.26035497475506547 0.43795295331513123 0.26035497475506547
2 0.5410163725507383 0.11744436145452897 0.5463426474466354 0.11744436145452897 0.5463426474466354 0.14770426070684387 0.5410163725507383 0.14770426070684387
2 0.5435463531262894 0.17067382119539967 0.5490057848945837 0.17067382119539967 0.5490057848945837 0.20203226464499327 0.5435463531262894 0.20203226464499327
2 0.5462094905742378 0.2268993105652124 0.55126945172534 0.2268993105652124 0.55126945172534 0.25915656290348865 0.5462094905742378 0.25915656290348865
2 0.5483400005325966 0.2846228147494962 0.5533999616836986 0.2846228147494962 0.5533999616836986 0.31747927301356077 0.5483400005325966 0.31747927301356077
2 0.6599254596016394 0.2842233441323038 0.6656512051147283 0.2842233441323038 0.6656512051147283 0.31628086116198395 0.6599254596016394 0.31628086116198395
2 0.6514034197682043 0.16987487996101558 0.6583275771328698 0.16987487996101558 0.6583275771328698 0.20183252933639717 0.6514034197682043 0.20183252933639717
2 0.6468760861066911 0.11674528787444247 0.6532676159817676 0.11674528787444247 0.6532676159817676 0.14650584885526702 0.6468760861066911 0.14650584885526702
