1 0.1926604086799365 0.8867119864894787 0.2530706463101451 0.8501779288722916 0.30402216041581 0.8975685341722608 0.24361192278560137 0.934102591789448
1 0.25552710377974763 0.8512325505635203 0.3159139242550081 0.8151901921650828 0.36500081980423676 0.861451409397417 0.30461399932897637 0.8974937677958545
1 0.31684511472848265 0.8156478346138644 0.3829011856920243 0.7758071363716769 0.4334497262182113 0.8229501069187674 0.36739365525466966 0.8627908051609549
1 0.13138581415338804 0.9244256211134669 0.19160378245363252 0.8855881942896993 0.2440285824552217 0.9313112197728034 0.1838106141549772 0.9701486465965711
4 0.1429620081416384 0.5836287721672992 0.13298344520766517 0.5252260962104236 0.46867570334302544 0.4929635153180233 0.4786542662769987 0.5513661912748989
3 0.20969028786411795 0.5819297525756958 0.20504123857309584 0.5501979895572727 0.30514758689024923 0.541947986778897 0.30979663618127135 0.5736797497973201
4 0.13337061167067357 0.9248659589207445 0.38814115550335304 0.7793269484076499 0.4319074215509734 0.8224224380071862 0.1771368777182939 0.9679614485202808
3 0.11615752406385149 0.6038533620325399 0.1111243898616507 0.5831800948397174 0.2243467139127167 0.5676746587707897 0.22937984811491754 0.5883479259636123
3 0.3914478407243436 0.5718312173604027 0.38799541786559666 0.5525173284688499 0.4774105091690859 0.5435267506203194 0.4808629320278328 0.5628406395118721
2 0.25777230063006623 0.9205957217411193 0.29042514568531425 0.8985168671144461 0.295732205333105 0.9029317682545178 0.263079360277857 0.925010622881191
2 0.3813104382014163 0.8513081897215129 0.41541427934724945 0.828804283471513 0.4188400429083698 0.8317245688848085 0.3847362017625366 0.8542284751348084
0 0.16892358750193165 0.930779233543913 0.1864738804706817 0.9193240333486006 0.21233712032545357 0.9416128566531812 0.1947868273567035 0.9530680568484937
2 0.19627035795977335 0.957063730962951 0.2280010339143444 0.9346018784167378 0.23344938631981343 0.9389312161761041 0.20171871036524236 0.9613930687223172
2 0.3198513085343655 0.8854751725287869 0.35234502080959107 0.8644002987697789 0.3566103606010655 0.8680995217453406 0.3241166483258399 0.8891743955043487
2 0.16763582252788928 0.5827132070033321 0.1673081821018524 0.5793980728854162 0.21135344977035594 0.5769494711140645 0.21168109019639283 0.5802646052319803
2 0.33144165885978405 0.5667625005649363 0.33111401843374716 0.5634473664470205 0.3751592861022507 0.5609987646756688 0.37548692652828763 0.5643138987935846
3 0.2994279597561362 0.5615918249598976 0.39105379224373854 0.5615918249598976 0.39105379224373854 0.5871325252431442 0.2994279597561362 0.5871325252431442
