1 0.6354912657860916 0.5713353654813745 0.5804353032939419 0.5119804171127744 0.6543863715212657 0.47339578121219555 0.7094423340134154 0.5327507295807957
1 0.5485774453942758 0.6139768785624931 0.4943193193023516 0.5528637507944157 0.577897477572681 0.5111244083853002 0.6321556036646051 0.5722375361533775
1 0.6546206624926225 0.47445456535051705 0.7291813721280391 0.4336918700380171 0.7872087164253841 0.49339572337606763 0.7126480067899674 0.5341584186885676
3 0.8319050450438455 0.1880356862620108 0.8310927078042621 0.1299130361155266 0.9458921712557641 0.12901052337834787 0.9467045084953475 0.18713317352483208
3 0.7458274679415683 0.19344446142447352 0.7454290848086569 0.14176882767813964 0.8437014830482861 0.14134267108428156 0.8440998661811975 0.19301830483061544
4 0.5695915616746814 0.19821263639957354 0.5653629012471817 0.14782841670410124 0.9045637344949954 0.13181486332519257 0.9087923949224951 0.18219908302066487
1 0.7304807565753468 0.43846273109203254 0.8063067656899301 0.3948365103889076 0.865149916863032 0.4523658058553686 0.789323907748449 0.49599202655849356
2 0.6523504237296318 0.5627735021944715 0.6494553102321798 0.5596545987045307 0.6903380163999295 0.5383081408591861 0.6932331298973815 0.5414270443491269
4 0.5485603157593686 0.6088786526528275 0.5001451968644908 0.5534358158444681 0.8177969543678593 0.39740537031249995 0.8662120732627371 0.4528482071208592
3 0.6592494072724306 0.1967773928442598 0.6577310905040182 0.12876316756277228 0.7508377284324363 0.12759402948789766 0.7523560452008489 0.19560825476938515
2 0.5717721109449054 0.6012204452103268 0.5691068690943091 0.5980154035623255 0.611717011818657 0.5780839733912703 0.6143822536692534 0.5812890150392716
3 0.570018017120974 0.20231266971465348 0.5676912663813148 0.1483688476131961 0.6625045664914498 0.14606846574357168 0.664831317231109 0.20001228784502909
2 0.8067030159256339 0.4857937961082683 0.8041689116488476 0.48292807888791656 0.8459713593130203 0.4621351634642827 0.8485054635898065 0.4650008806846344
0 0.5692767569616757 0.5860605880654777 0.545113752404384 0.5580631515420401 0.5667697111372828 0.5475500076376475 0.5909327156945744 0.5755474441610849
0 0.6030327551812531 0.1975973283326486 0.6024162187229197 0.17367566695569547 0.6273653567979134 0.1733139694630351 0.6279818932562466 0.19723563083998824
2 0.6768177907479478 0.19634825265911457 0.6767704184900944 0.19261998853538131 0.7224666614713114 0.1922933853361053 0.7225140337291649 0.19602164945983855
2 0.7297452335464306 0.5239237854347519 0.7272111292696444 0.5210580682144003 0.769013576933817 0.5002651527907663 0.7715476812106032 0.5031308700111181
2 0.5922018714037908 0.19735046312072782 0.637013085640692 0.19735046312072782 0.637013085640692 0.20090203685183253 0.5922018714037908 0.20090203685183253
2 0.7629306533484143 0.18849648728418583 0.807478788049678 0.18849648728418583 0.807478788049678 0.19270575985438396 0.7629306533484143 0.19270575985438396
2 0.8477299570021978 0.18422144483007938 0.8943827279885659 0.18422144483007938 0.8943827279885659 0.18790455832900174 0.8477299570021978 0.18790455832900174
