3 0.3304123757469197 0.7582631926031377 0.3352401475130429 0.6160800287983005 0.44849858963624206 0.6182432038583466 0.4436708178701189 0.7604263676631838
1 0.6524232823064295 0.6249230516889809 0.6464973408982243 0.5059557133333024 0.8179024242628278 0.5011531197936927 0.8238283656710331 0.6201204581493712
4 0.4443683033905891 0.8989045746411434 0.4396863048808845 0.3941798686937055 0.6010178651196726 0.3933380499951469 0.6056998636293771 0.8980627559425848
1 0.6584713327004885 0.7550469493150719 0.6529341424726766 0.6262941944999296 0.8330882610381878 0.6219360699707306 0.8386254512659996 0.7506888247858728
1 0.6475308673236068 0.5054411893730534 0.6398706309390624 0.389353113257389 0.8042770670953934 0.3832507803046119 0.8119373034799378 0.4993388564202762
4 0.6695862404220098 0.9044527114429414 0.6418374543050911 0.3884527617610076 0.8202240368560976 0.38305667352549955 0.8479728229730162 0.8990566232074332
1 0.4440598798176869 0.503506738089737 0.44464406030123266 0.3914459343296907 0.6022108870159281 0.39190797544787837 0.6016267065323821 0.5039687792079246
1 0.44099830512907406 0.6215492117551565 0.44222456216775996 0.5069376458342788 0.6056730503648211 0.5079213318597326 0.6044467933261352 0.6225328977806104
0 0.8960419887959138 0.45184019517936336 0.8941969367125804 0.4271966404918634 0.9566181674540862 0.4245678248401679 0.9584632195374195 0.44921137952766793
0 0.47850638838977283 0.4588621892402201 0.4783536377387312 0.43556250662303264 0.5349782307508523 0.4353536921074362 0.5351309814018939 0.4586533747246237
2 0.43644144208051266 0.7217676528568885 0.4376198643662202 0.6526553204367576 0.4468769150015976 0.6527441056338777 0.44569849271589007 0.7218564380540088
0 0.6812648923744592 0.4560519668309626 0.6802549639890425 0.4332188979833064 0.7416604005942907 0.4316911361963812 0.7426703289797074 0.45452420504403745
2 0.6491277733516293 0.5941266995761753 0.6477135956130814 0.5295705202019017 0.6562344286167834 0.5294655246846438 0.6576486063553314 0.5940217040589174
2 0.8668466924983115 0.5937190811454237 0.8608424783140765 0.5285901812273517 0.8714329736671057 0.5280409929805917 0.8774371878513407 0.5931698928986637
2 0.44349055652569724 0.48049702723755006 0.4450490948546456 0.4218912723909551 0.4511381337193669 0.42198235773353115 0.4495795953904185 0.4805881125801262
2 0.6448291854584487 0.4779612668692328 0.6429057642344903 0.4168098386465765 0.6498660903055697 0.41668669275947395 0.651789511529528 0.47783812098213024
2 0.6552457687935859 0.7228373536005338 0.6538579039523069 0.652839409658686 0.6630659228691334 0.6527367143463887 0.6644537877104124 0.7227346582882365
2 0.8539602971084436 0.4747153342044993 0.8493856400064117 0.41362036077871384 0.8584683808059039 0.4132378069844223 0.8630430379079358 0.47433278041020777
2 0.4413514564063863 0.532918912128797 0.44828161232465635 0.532918912128797 0.44828161232465635 0.5957146106535297 0.4413514564063863 0.5957146106535297
2 0.8769618128947879 0.653765854741628 0.8908851902464973 0.653765854741628 0.8908851902464973 0.7224334203171039 0.8769618128947879 0.7224334203171039
