1 0.40402417036101185 0.4310249840228863 0.4074313969235119 0.3544168297260113 0.5157268062014883 0.3571261390239887 0.5123195796389882 0.43373429332086366
1 0.40382185828561856 0.506186293442991 0.40616479448353526 0.4305744160015848 0.5161711430164647 0.4324918071429464 0.5138282068185481 0.5081036845843526
1 0.6847225043703922 0.4235646530844342 0.6834911804268632 0.3471945196673266 0.7993020829421762 0.34614420181295535 0.8005334068857052 0.42251433523006293
1 0.2730022590269642 0.4332157168054831 0.27743666657904753 0.36021760889532684 0.38122534107069206 0.36376408055779813 0.3767909335186087 0.4367621884679544
1 0.683301482570799 0.3448511841883789 0.680170507051342 0.2667422421399392 0.793890712861847 0.26417811780594525 0.7970216883813039 0.34228705985438496
1 0.025554367756027537 0.4366665807671318 0.03141699796436088 0.36641706904838184 0.13152821414833918 0.3711165993658367 0.12566558394000582 0.4413661110845866
1 0.6875996958415151 0.5048581929867142 0.6868724163151883 0.425400215092285 0.8043966473982884 0.4247951336986264 0.8051239269246152 0.5042531115930556
1 0.26724165251980325 0.5070900634832196 0.2717352234833449 0.43375119629571957 0.37966414370316504 0.43747098067270307 0.37517057273962334 0.5108098478602031
1 0.034883976384259476 0.36624592540087186 0.038601655069585405 0.2917400643110603 0.13727904732925622 0.29450969334850446 0.13356136864393026 0.36901555443831596
4 0.6952242374392317 0.5921494657801312 0.6837069719891821 0.2657942214998258 0.795732495056264 0.2635704083811823 0.8072497605063136 0.5899256526614878
1 0.4074680243105134 0.35476398360383493 0.4089492254823884 0.2742554997171163 0.5153922336091764 0.2753570696285047 0.5139110324373014 0.3558655535152233
1 0.14126971897243318 0.510748095459061 0.14453310601670402 0.43817085546882656 0.2462899734103793 0.4407445345458219 0.2430265863661085 0.5133217745360563
1 0.27941362506932704 0.3582895517150108 0.2803959655641187 0.28218743989860456 0.3809321187457772 0.282917418499833 0.3799497782509855 0.35901953031623923
4 0.01976465170623359 0.5944421100503176 0.03745110916543338 0.2915127254019556 0.1281795910642308 0.2944923779321426 0.110493133605031 0.5974217625805045
3 0.834257516928523 0.5013964958377564 0.8300302705224194 0.40084097081239867 0.8932756675215296 0.3993454134487574 0.8975029139276334 0.4999009384741151
4 0.8556369202094433 0.5951163917200823 0.8278785165899928 0.2612224273169981 0.9393205728798072 0.2560109894848856 0.9670789764992577 0.5899049538879699
1 0.5442781184712455 0.5035605290888029 0.5452462988097871 0.4251254094598966 0.657961791855745 0.4259080310733013 0.6569936115172035 0.5043431507022076
4 0.5482201823125142 0.5916319548341364 0.5479830322199909 0.26998689904517914 0.6540563696132258 0.26994290689608524 0.6542935197057491 0.5915879626850425
4 0.26984664336234926 0.5934131992969417 0.28358934953078774 0.27961087058544754 0.38398736134022016 0.2820840962138073 0.3702446551717817 0.5958864249253015
1 0.8478736141892841 0.5948717635158061 0.8423070451788675 0.508192320156431 0.9651743148193033 0.5037538815388011 0.97074088382972 0.5904333248981761
1 0.8291193044814759 0.34036980594487626 0.8256079286028252 0.26203912238508814 0.9411349446398752 0.2591260485812748 0.9446463205185259 0.3374567321410629
1 0.15230529995189201 0.36381479794273985 0.1551348491055379 0.2858907867122712 0.25578421264425066 0.2879465802766282 0.25295466349060475 0.36587059150709683
1 0.8336730140824826 0.4186162962554522 0.8307828568758311 0.3436719665261278 0.947544413346293 0.34113914208163193 0.9504345705529447 0.41608347181095634
3 0.5405938748995089 0.5918589599684198 0.5433050083003125 0.4961118826927348 0.6128284152662747 0.4972192174576274 0.6101172818654713 0.5929662947333124
4 0.14162916224516142 0.5937011169906922 0.16022888483897674 0.28417114211682093 0.2544615224890022 0.2873562755361678 0.23586179989518694 0.5968862504100391
0 0.7076247007200913 0.31430342577386067 0.7066745054075914 0.29556081102776693 0.7479474555110411 0.2943838265252255 0.7488976508235411 0.3131264412713193
2 0.404264160120237 0.4902678295978824 0.40446777340148704 0.44879474610178866 0.41082763675476297 0.44881230956227386 0.41062402347351296 0.4902853930583676
0 0.3002670497405571 0.3292559969060013 0.29957621315201544 0.31105799885912633 0.33853039492090115 0.3102261808283738 0.33922123150944283 0.3284241788752488
2 0.2688841328260126 0.49331616832297587 0.2709599384900751 0.45163654185813207 0.27815805896772006 0.4518381947769693 0.27608225330365754 0.4935178212418131
2 0.15271314178135872 0.34823155890608304 0.15364706105219206 0.3096762000193643 0.1608340721648082 0.3097741254364531 0.15990015289397486 0.34832948432317185
0 0.054699137928096754 0.34003042090916574 0.05447216852705509 0.32389846290135327 0.08886145068014811 0.3236263019177065 0.08908842008118978 0.33975825992551906
2 0.4059897214798556 0.41385126730463684 0.4059712704799409 0.3714594785501691 0.41149005361622965 0.3714581273987558 0.41150850461614435 0.41384991615322353
2 0.4076109235535074 0.3395843168018306 0.40663126647962045 0.29831097169233356 0.4125729986121537 0.2982316412263058 0.41355265568604066 0.33950498633580284
1 0.14541534439955062 0.4350674719840508 0.15021462011569642 0.36420498419108205 0.25226092513169934 0.3680925621956367 0.24746164941555351 0.4389550499886054
0 0.4280191653449428 0.32333273988809696 0.42722424346994275 0.3058330450638782 0.4685064694206823 0.3047782220259656 0.4693013912956823 0.32227791685018436
2 0.1426188632516035 0.49596143213851407 0.14374323255498891 0.45510022608382655 0.1501864699080598 0.455199955770832 0.1490621006046744 0.4960611618255195
2 0.27822412773025673 0.34464970520142196 0.2779092677042151 0.304161179810797 0.2854499169158435 0.30412819478470293 0.2857647769418851 0.34461672017532796
1 0.6911533150768745 0.5932237877252543 0.6895009759993165 0.5064862680444333 0.8090760096777684 0.5052049551000982 0.8107283487553264 0.5919424747809191
2 0.6826571411118905 0.32964326015374434 0.6797384611752235 0.2874381463939228 0.6864678342964354 0.28717637720132716 0.6893865142331024 0.3293814909611487
2 0.02569074303316536 0.4253693732745518 0.03086722549892127 0.385151241478677 0.03788542967446309 0.3856593557344585 0.03270894720870718 0.4258774875303333
2 0.6849281564897616 0.4063617512024462 0.6835692697710116 0.3632936359680712 0.6888752443917174 0.3631994654233048 0.6902341311104674 0.4062675806576798
0 0.1719665839696523 0.33414892117469336 0.17140710617873234 0.3189288621925309 0.20767851751668415 0.31817887560405006 0.2082379953076041 0.33339893458621256
2 0.14563707725909206 0.4206436948984564 0.1482896424814658 0.3817070750689928 0.15597193305105925 0.3820014637318071 0.15331936782868547 0.42093808356127066
4 0.40606561928621737 0.5905963973558188 0.41075436499808665 0.27484636754504604 0.5155311599919601 0.27572155466235376 0.5108424142800908 0.5914715844731264
2 0.03488579368657317 0.35438285955453014 0.03826511701014092 0.3156674054529676 0.04500807637681837 0.3159984744076626 0.04162875305325062 0.3547139285092251
2 0.6873979072767332 0.4868811090278699 0.6865176989433998 0.4423492486763074 0.6926703938522532 0.44228084136130263 0.6935506021855866 0.4868127017128651
2 0.02022525597018436 0.4590182424665516 0.030618299310705897 0.4590182424665516 0.030618299310705897 0.4985118071605334 0.02022525597018436 0.4985118071605334
2 0.27368347463373366 0.3775272993444446 0.28147825713912483 0.3775272993444446 0.28147825713912483 0.41780034228896556 0.27368347463373366 0.41780034228896556
2 0.5449419058213455 0.44638121147539983 0.549445557935571 0.44638121147539983 0.549445557935571 0.4889926891715381 0.5449419058213455 0.4889926891715381
2 0.689717476732169 0.5245722525179154 0.6980638928422394 0.5245722525179154 0.6980638928422394 0.5693014552168829 0.689717476732169 0.5693014552168829
2 0.8259916888565887 0.2832849504267935 0.8337310928859265 0.2832849504267935 0.8337310928859265 0.32334774775513075 0.8259916888565887 0.32334774775513075
2 0.8309995385226309 0.359882287364211 0.840559978794166 0.359882287364211 0.840559978794166 0.4021075652301574 0.8309995385226309 0.4021075652301574
2 0.8425327680565463 0.5233202901014049 0.8536107385299122 0.5233202901014049 0.8536107385299122 0.5694152699820202 0.8425327680565463 0.5694152699820202
