1 0.20689209010663212 0.5132238251478086 0.2038202313826738 0.40537073676890234 0.34638354465899285 0.40308672172719145 0.34945540338295117 0.5109398101060977
1 0.6357516282757071 0.5047216617626238 0.6299016933798738 0.39502421303215507 0.7758992506305429 0.3906447322803451 0.7817491855263763 0.5003421810108138
1 0.49508862396466957 0.5065279136690917 0.49030393068930417 0.3991216054558792 0.625234104634965 0.3957405217700396 0.6300187979103304 0.5031468299832521
1 0.3544503460995143 0.5103437172535479 0.3510964395265778 0.4024046487699247 0.4870731657141244 0.40002803065842746 0.49042707228706095 0.5079670991420506
2 0.38278145212686143 0.407811698971457 0.3825071568310126 0.40324896875767474 0.4554642706133437 0.4007818858716601 0.4557385659091925 0.4053446160854424
4 0.20977149664302489 0.508365156497575 0.2051707479451082 0.41133823999366875 0.7760737594306382 0.39611100174864583 0.7806745081285549 0.49313791825255204
0 0.6890896814199494 0.45895346769857037 0.6859625655345327 0.40805264982747663 0.7242169592050505 0.40673067536783597 0.7273440750904671 0.4576314932389297
2 0.2427586018270206 0.4114514602272537 0.2425600883545937 0.40620970889249636 0.31822862397587476 0.40459775940745096 0.31842713744830164 0.40983951074220837
2 0.6610649081080683 0.39928454720757434 0.6610122553485902 0.3935566363311689 0.7367325302304141 0.39316511124502823 0.7367851829898922 0.39889302212143374
2 0.520758404346859 0.40368300193367895 0.5206735557554645 0.3977980967462831 0.5950215365697691 0.3971951251265387 0.5951063851611638 0.4030800303139346
