3 0.5236383463704166 0.32828369909244937 0.5233427734537499 0.1884889603229181 0.6071093749837501 0.1883893355755194 0.6074049479004168 0.32818407434505065
4 0.41917040982076287 0.6363311702459152 0.3980759935902455 0.2268839337414231 0.5240039727768476 0.22323459373787777 0.545098389007365 0.6326818302423699
2 0.5343241776494968 0.5063586415628883 0.5342069342384576 0.45297230528236315 0.544028610582866 0.45296017233054825 0.5441458539939052 0.5063465086110734
2 0.528433594966717 0.40650818169512726 0.5284584159302586 0.35354461968340917 0.5412548800236747 0.3535479929755957 0.5412300590601332 0.4065115549873138
2 0.5230789783551439 0.3067472081575807 0.5230357690539105 0.2508014547302139 0.5360633122078182 0.25079579500738214 0.5361065215090517 0.30674154843474893
3 0.5298502175463263 0.4276878799664985 0.5295530984057011 0.31633540193915477 0.6682754995753011 0.31612719276177476 0.6685726187159262 0.42747967078911847
2 0.5394959943413271 0.60633438372505 0.5395864077527854 0.5520170009125549 0.5487611012441437 0.5520255912082072 0.5486706878326854 0.6063429740207023
0 0.5649721677781167 0.5969423227440346 0.5650582512708799 0.5707767150478836 0.6041539953961332 0.5708490654692125 0.60406791190337 0.5970146731653634
3 0.5332413736644092 0.53219721688966 0.5335393879873257 0.42278956308106624 0.5982556966480908 0.42288872061034005 0.5979576823251741 0.5322963744189337
3 0.5400725504557311 0.6441894521914202 0.5400727945963562 0.5278234853945452 0.6450913492838521 0.5278236093320173 0.6450911051432272 0.6441895761288923
