1 0.39297692895846914 0.8152353600431579 0.390419797879392 0.7276258802333543 0.5009284236864137 0.7258115322173516 0.5034855547654908 0.8134210120271552
1 0.5060152999949585 0.8126701783463265 0.5023245534429956 0.7244382097536615 0.607055590822872 0.7219739516938221 0.6107463373748347 0.8102059202864871
1 0.6125477871757772 0.8089109629206815 0.6071954112961918 0.7207692334985856 0.7166843096008909 0.7170293536483314 0.7220366854804764 0.8051710830704274
1 0.7238729678926701 0.805280855347959 0.7174294457572534 0.7176955281995215 0.8256333797635798 0.7132178018786035 0.8320769018989964 0.800803129027041
4 0.39246445130068885 0.8121711058064003 0.3880717134190332 0.7321860793289429 0.8266257257538037 0.7186381721676087 0.8310184636354592 0.7986231986450661
0 0.4332332765109966 0.8026819492429983 0.43145707208391326 0.7601669345945608 0.45942411281191986 0.7595097011476266 0.4612003172390032 0.8020247157960642
2 0.6372533638704612 0.8077148593588981 0.6370796123791977 0.8041551682452318 0.6956970831583479 0.8025457614573471 0.6958708346496113 0.8061054525710134
2 0.5281856204550961 0.8116485449122272 0.5279407113931395 0.8075754261687014 0.5875421532417904 0.8055595814437809 0.587787062303747 0.8096327001873067
2 0.7458361478069342 0.8038329079938603 0.745663301774632 0.8002615271682755 0.8032692161498357 0.7986932859891556 0.8034420621821379 0.8022646668147404
2 0.4217398015878583 0.8153690174969515 0.42145056708703454 0.8113896946360535 0.4800998377150972 0.8089918222787326 0.48038907221592086 0.8129711451396305
