1 0.0884674841506096 0.3961505551229198 0.08953486696310957 0.3359598812947949 0.1849698947314556 0.33691184706129745 0.18390251191895557 0.39710252088942233
2 0.08540357169427899 0.37891557213633825 0.0857396365788746 0.3487268045943635 0.10013994677107523 0.3488169766823458 0.09980388188647961 0.37900574422432054
1 0.12155224581460047 0.24013488375584577 0.12243208793699631 0.1892207297031114 0.21240551231456312 0.19009531665641996 0.21152567019216728 0.24100947070915432
1 0.1010732011635097 0.3367153793365738 0.10211039191871803 0.28456480560610503 0.20305049675315695 0.2856940444915512 0.20201330599794862 0.33784461822201994
4 0.09133476882171766 0.39245372951981816 0.1320398984347932 0.18820363416973465 0.2091329846705162 0.1968458445194612 0.16842785505744068 0.4010959398695447
2 0.0984085173473882 0.3258394676098008 0.09881180245258954 0.29193248204964845 0.11191733135546396 0.29202016195659647 0.11151404625026264 0.32592714751674884
0 0.13644410010995422 0.2190340409356101 0.13670162685508053 0.20574126370460258 0.17655683917098952 0.20617558814227926 0.17629931242586322 0.2194683653732868
1 0.11150206216420532 0.23923543717510035 0.19618717266866564 0.23923543717510035 0.19618717266866564 0.2896230779252538 0.11150206216420532 0.2896230779252538
2 0.11167977452606546 0.2502395639384671 0.1217801392203359 0.2502395639384671 0.1217801392203359 0.27669648936898134 0.11167977452606546 0.27669648936898134
2 0.12165663146680952 0.20408012992341193 0.1320584995847895 0.20408012992341193 0.1320584995847895 0.2287280348116688 0.12165663146680952 0.2287280348116688
