0 0.4967548016179852 0.7889760169834132 0.4946382651596518 0.7456658363193508 0.5251994627049315 0.744825740829087 0.5273159991632649 0.7881359214931496
1 0.4547537843256142 0.804162113735336 0.4516425375808225 0.711197269985336 0.5677921141118858 0.7090107378271642 0.5709033608566774 0.8019755815771641
4 0.45756067513498927 0.7986657415031456 0.4552598938849893 0.714540375292208 0.9148588505197154 0.7074698786140422 0.9171596317697154 0.7915952448249797
1 0.7980366193502283 0.8008744323464004 0.7889799787252283 0.7056224792214004 0.9091027035664383 0.699197955348912 0.9181593441914383 0.7944499084739121
1 0.5732163078885958 0.8026212537400674 0.5703788902799605 0.7096076701229347 0.6768862159090178 0.7077800796349875 0.6797236335176532 0.8007936632521203
2 0.7114053326364365 0.7992991463540632 0.7113399734438696 0.7945919757190031 0.773488001716004 0.7941065792441129 0.7735533609085709 0.7988137498791729
2 0.8270400036919514 0.7963988237851948 0.8268718827956765 0.792648043867297 0.8902366820345251 0.7910504341091015 0.8904048029307999 0.7948012140269992
2 0.5988955282157342 0.8007291886094089 0.5988434693581904 0.7966984121599807 0.6589043759752019 0.7962620768783857 0.6589564348327457 0.8002928533278137
1 0.6814627269303215 0.8007150684637455 0.6769388011490715 0.7066447559637455 0.7910333668196787 0.7035583690362545 0.7955572926009288 0.7976286815362544
2 0.48622750905607076 0.797723562096739 0.545799818189774 0.797723562096739 0.545799818189774 0.8019187951343221 0.48622750905607076 0.8019187951343221
