1 0.14919668055503077 0.19527499198729995 0.1435639901253433 0.12344946098144056 0.2359441478954901 0.11937436104004379 0.24157683832517757 0.19119989204590318
4 0.04570483461736307 0.19171211407948813 0.04223023216098127 0.12956129943384187 0.4297609375741685 0.11737457636184467 0.43323554003055026 0.17952539100749093
1 0.3397402750249373 0.1832527457354109 0.33657312007702067 0.11649673377252026 0.4294999593500627 0.11401678551458909 0.4326671142979793 0.1807727974774797
1 0.24289502036865537 0.19050182611639063 0.23726589767078796 0.12112662799276883 0.3324329288735809 0.11678307097483125 0.3380620515714483 0.18615826909845307
1 0.04588652821942604 0.19818217812704333 0.041648572490259377 0.12672807656454332 0.1427551343782302 0.12335496176553482 0.14699309010739686 0.1948090633280348
2 0.17996110791940403 0.18954453185521264 0.17997072551530918 0.1871031120567565 0.22061526985306168 0.1871931755628085 0.22060565225715653 0.18963459536126462
0 0.08122579197574263 0.18076972047476483 0.0793349431801697 0.1484902710118742 0.10469824012800971 0.14765455463010466 0.10658908892358263 0.1799340040929953
2 0.3580810319694086 0.18415109437217012 0.35799703776391806 0.18191820395203717 0.4110040381139019 0.18079660480309256 0.41108803231939245 0.18302949522322554
2 0.2653548956845166 0.18728066973208546 0.26523736899762684 0.18485146484737952 0.31719212185087386 0.18343756008359408 0.3173096485377636 0.1858667649683
2 0.07506544342535569 0.19485618120742285 0.07497775978478521 0.19231234794277494 0.12609187459588922 0.19132130310895212 0.12617955823645968 0.19386513637360003
