0 0.3326619267180255 0.15941328408852942 0.34759614212062917 0.15941328408852942 0.34759614212062917 0.1751771781246111 0.3326619267180255 0.1751771781246111
0 0.3396146515680874 0.21476378358123827 0.35559353360601825 0.21476378358123827 0.35559353360601825 0.232264463908496 0.3396146515680874 0.232264463908496
0 0.34468731253250984 0.27506504079581096 0.36117346066688305 0.27506504079581096 0.36117346066688305 0.2927559459092345 0.34468731253250984 0.2927559459092345
0 0.35762259799178736 0.40746149196723863 0.37588417746370834 0.40746149196723863 0.37588417746370834 0.4287666680178132 0.35762259799178736 0.4287666680178132
1 0.24843540175960463 0.47270786560330913 0.33304888360079454 0.47270786560330913 0.33304888360079454 0.5354811792419841 0.24843540175960463 0.5354811792419841
1 0.06391797654237073 0.4780112285833472 0.15860449193608325 0.4780112285833472 0.15860449193608325 0.5433943736424467 0.06391797654237073 0.5433943736424467
1 0.06611572931746586 0.4020513982940848 0.15713932341935205 0.4020513982940848 0.15713932341935205 0.4609786445763501 0.06611572931746586 0.4609786445763501
1 0.15952022225903953 0.40095252190654745 0.24376741197104668 0.40095252190654745 0.24376741197104668 0.45960504909191674 0.15952022225903953 0.45960504909191674
1 0.24596516474614213 0.4001283646158864 0.32728201742468815 0.4001283646158864 0.32728201742468815 0.45768201541370773 0.24596516474614213 0.45768201541370773
1 0.32581684890795254 0.3986174095830066 0.41189549926587293 0.3986174095830066 0.41189549926587293 0.4523249930244116 0.32581684890795254 0.4523249930244116
1 0.15933707619444828 0.3325474667816891 0.24028763674381176 0.3325474667816891 0.24028763674381176 0.3881780839013023 0.15933707619444828 0.3881780839013023
1 0.15842134587149134 0.26675224307725764 0.2373572997103502 0.26675224307725764 0.2373572997103502 0.31867415238889624 0.15842134587149134 0.31867415238889624
1 0.23937190642085585 0.26743904081947056 0.3159269614200276 0.26743904081947056 0.3159269614200276 0.3170258378075746 0.23937190642085585 0.3170258378075746
1 0.31501123109707047 0.26798847901324796 0.3952292073880688 0.26798847901324796 0.3952292073880688 0.317025837807575 0.31501123109707047 0.317025837807575
1 0.3098831412885135 0.20892387318254582 0.3880865108690072 0.20892387318254582 0.3880865108690072 0.2556261196533348 0.3098831412885135 0.2556261196533348
1 0.23772359183953065 0.2074129181496693 0.3107988716114688 0.2074129181496693 0.3107988716114688 0.25397780507201245 0.23772359183953065 0.25397780507201245
1 0.1597033683236307 0.20590196311679104 0.23497640087066315 0.20590196311679104 0.23497640087066315 0.2537030859751257 0.1597033683236307 0.2537030859751257
1 0.1606190986465877 0.1506834246425086 0.23259550203097645 0.1506834246425086 0.23259550203097645 0.1971109520164083 0.1606190986465877 0.1971109520164083
1 0.23589213119362032 0.15233173922383078 0.3062202199966872 0.15233173922383078 0.3062202199966872 0.19532527788664286 0.23589213119362032 0.19532527788664286
1 0.308234826707191 0.15384269425670902 0.3811269604145362 0.15384269425670902 0.3811269604145362 0.1971109520164082 0.308234826707191 0.1971109520164082
1 0.2320460638372025 0.10260758268728706 0.30200786051108675 0.10260758268728706 0.30200786051108675 0.1434033685750036 0.2320460638372025 0.1434033685750036
2 0.08971699190333858 0.47822610928704684 0.13835648491232858 0.47822610928704684 0.13835648491232858 0.4818670694163185 0.08971699190333858 0.4818670694163185
2 0.26616352124497217 0.47283468755716357 0.3116288438848535 0.47283468755716357 0.3116288438848535 0.4764756476864353 0.26616352124497217 0.4764756476864353
2 0.34971888831415837 0.4706641151724053 0.39303697805728954 0.4706641151724053 0.39303697805728954 0.4740950199096038 0.34971888831415837 0.4740950199096038
2 0.3434105413152427 0.3988930663222584 0.3851953855848653 0.3988930663222584 0.3851953855848653 0.4009684724945905 0.3434105413152427 0.4009684724945905
2 0.26219297977130746 0.3999826545627327 0.3058456895960291 0.3999826545627327 0.3058456895960291 0.40242125681522317 0.26219297977130746 0.40242125681522317
2 0.17827739020334005 0.4010722428032068 0.22331370414294982 0.4010722428032068 0.22331370414294982 0.4033551895927726 0.17827739020334005 0.4033551895927726
2 0.09138705178836336 0.4019542904264483 0.13829123128307222 0.4019542904264483 0.13829123128307222 0.4043928926789388 0.09138705178836336 0.4043928926789388
2 0.1770965970893568 0.33239548122421275 0.22159070310045537 0.33239548122421275 0.22159070310045537 0.3343185317126057 0.1770965970893568 0.3343185317126057
2 0.3307201370625219 0.26798474770263764 0.37092927226769173 0.26798474770263764 0.37092927226769173 0.26962966687012185 0.3307201370625219 0.26962966687012185
2 0.2542313957745057 0.26716228811889553 0.2958112969525791 0.26716228811889553 0.2958112969525791 0.2692184370782508 0.2542313957745057 0.2692184370782508
2 0.1762805041153923 0.2666139817297341 0.21886563367359493 0.2666139817297341 0.21886563367359493 0.26860159239044423 0.1762805041153923 0.26860159239044423
2 0.1770115793009409 0.20595758742875353 0.21740348330249787 0.20595758742875353 0.21740348330249787 0.20863058107591537 0.1770115793009409 0.20863058107591537
2 0.3262133136174604 0.2087895357309809 0.36614829562804957 0.2087895357309809 0.36614829562804957 0.21166814427407826 0.3262133136174604 0.21166814427407826
2 0.25176401702327933 0.20705420020707635 0.2916989990338685 0.20705420020707635 0.2916989990338685 0.2099328087501737 0.25176401702327933 0.2099328087501737
2 0.32123114198220404 0.15377032327861562 0.3588157728539792 0.15377032327861562 0.3588157728539792 0.15608265896701587 0.32123114198220404 0.15608265896701587
2 0.24863114211465379 0.15200854370650116 0.28805096004071495 0.15200854370650116 0.28805096004071495 0.15443099061815854 0.24863114211465379 0.15443099061815854
2 0.17610454972927506 0.1505220421925296 0.21684570233442205 0.1505220421925296 0.21684570233442205 0.1531096559390727 0.17610454972927506 0.1531096559390727
2 0.17574895694503873 0.09782599692887238 0.21467371548280326 0.09782599692887238 0.21467371548280326 0.10289355983284551 0.17574895694503873 0.10289355983284551
2 0.24750270994767257 0.1016817513123302 0.2845913949695048 0.1016817513123302 0.2845913949695048 0.10427061496979476 0.24750270994767257 0.10427061496979476
2 0.31624530238417753 0.10338929968214723 0.35311365858409793 0.10338929968214723 0.35311365858409793 0.10796112273681863 0.31624530238417753 0.10796112273681863
3 0.1467882617028137 0.4619666037632848 0.24482061142159553 0.4619666037632848 0.24482061142159553 0.4816164508529351 0.1467882617028137 0.4816164508529351
3 0.33157490320812694 0.4493438543083459 0.4211053323318303 0.4493438543083459 0.4211053323318303 0.47393869602982874 0.33157490320812694 0.47393869602982874
3 0.05428433508317549 0.32302750712323736 0.15642459714757284 0.32302750712323736 0.15642459714757284 0.3405984892685791 0.05428433508317549 0.3405984892685791
3 0.29898470159351215 0.044173665654114194 0.3708822573175576 0.044173665654114194 0.3708822573175576 0.10796669779765777 0.29898470159351215 0.10796669779765777
3 0.1518193922208609 0.03622962768906908 0.2293339444858457 0.03622962768906908 0.2293339444858457 0.10255030827603608 0.1518193922208609 0.10255030827603608
4 0.06023620464183947 0.48274889517058783 0.4163141422321785 0.47162145962092017 0.4196413153335782 0.5315105754462778 0.06356337774323913 0.5426380109959454
4 0.06510405469808472 0.4049003662117594 0.41064594913517977 0.4005374256509217 0.4118566290126632 0.4544727462406356 0.06631473457556811 0.4588356868014733
4 0.06955032033542784 0.334683917266291 0.4034782558589433 0.334683917266291 0.4034782558589433 0.38717064969333786 0.06955032033542784 0.38717064969333786
4 0.07284234873283754 0.26787322575410993 0.39595874324412556 0.26994448469324633 0.3954085301345976 0.31822568505522675 0.07229213562330952 0.3161544261160903
4 0.07690674000907187 0.20549426509213464 0.38911965059976605 0.21186545269422255 0.38746439105055097 0.257492156313685 0.07525148045985679 0.25112096871159706
4 0.07985555706442862 0.1505005329930905 0.3825268360733456 0.1573794256978168 0.38087796193144025 0.19818906071010395 0.07820668292252327 0.19131016800537765
4 0.08351386138957123 0.09738074494063408 0.3772112944540727 0.10877417984398136 0.37452968446609597 0.1476575246697014 0.08083225140159453 0.13626408976635412
