4 0.0681143840243638 0.7439020640993147 0.05579676471940549 0.6772957614175761 0.4300124040745936 0.6383683153824813 0.44233002337955196 0.7049746180642199
3 0.3340458599577961 0.7544834164304798 0.32914131894217113 0.7145598324461048 0.44091312441720404 0.7068361636476451 0.445817665432829 0.7467597476320201
3 0.22926568468960404 0.7325673828820223 0.2247062499102709 0.6960247063661741 0.3387343895501522 0.6880218463587091 0.3432938243294854 0.7245645228745573
2 0.35456847409349895 0.9547015299953027 0.3545976461779549 0.9510089605343407 0.41023980080698874 0.9512562270187934 0.4102106287225327 0.9549487964797554
2 0.15545222361157685 0.96047099525208 0.15566709530823575 0.9530610798360382 0.21037933031481096 0.9539535073380251 0.21016445861815206 0.9613634227540669
3 0.12885360667684267 0.7438652952696798 0.12301061409466263 0.707575313491866 0.24289608210886013 0.6967176180721939 0.24873907469104015 0.7330075998500077
3 0.023222513582078122 0.7575007931406391 0.02003892448947951 0.7347016536084368 0.15338586294656406 0.7242278572074967 0.15656945203916267 0.7470269967396992
4 0.03460287893284025 0.9554603987770967 0.03305695095809867 0.8790446129726608 0.4337552026368233 0.8744848092688084 0.4353011306115649 0.9509005950732443
3 4.36593650950133e-19 0.9700346032522369 0.0005414674938795857 0.942861425556711 0.12692844499430017 0.9442780567991921 0.12638697750042058 0.9714512344947179
3 0.31427155488554875 0.9808691405997759 0.3146157571714647 0.9507437846983322 0.4347664766342489 0.9515159858879619 0.4344222743483329 0.9816413417894058
2 0.36647716917099304 0.716970878258021 0.36574193493427104 0.7115101835099464 0.4158168703705171 0.7077177257997097 0.41655210460723907 0.7131784205477844
2 0.2521274686222715 0.9589442457825296 0.2521815426015532 0.9520996226350281 0.31005941013670757 0.9523568243363004 0.31000533615742587 0.9592014474838019
3 0.09384229571842964 0.9539236935306448 0.2279027181733292 0.9539236935306448 0.2279027181733292 0.9999999999999998 0.09384229571842964 0.9999999999999998
3 0.20372396340914165 0.9526668770701232 0.32916621584908307 0.9526668770701232 0.32916621584908307 0.9999999999999948 0.20372396340914165 0.9999999999999948
