1 0.7382804803168834 0.8043621242675856 0.7346960076606335 0.7306358059082106 0.8303287319226984 0.7280204440917878 0.8339132045789484 0.8017467624511628
1 0.7566408694153459 0.9714923739958408 0.749775146759096 0.8867615390349033 0.852334228240904 0.8820869717072842 0.859199950897154 0.9668178066682217
1 0.7473183591933987 0.8839776580184296 0.7427446287246487 0.8055401580184297 0.841607451998722 0.8022974909560253 0.8461811824674721 0.8807349909560253
1 0.7300972099482934 0.7292777401715356 0.7280570081253768 0.6611473690777857 0.8219922677967542 0.659565088330164 0.8240324696196708 0.7276954594239139
4 0.7645458980725485 0.9682998624981631 0.7302210282808816 0.6650256925762882 0.8176028649482846 0.6594625886737118 0.8519277347399514 0.9627367585955868
0 0.7474046494924528 0.7012935598379251 0.7476787380341194 0.6832239797598001 0.7902274579640424 0.6835870175590482 0.7899533694223757 0.7016565976371731
2 0.7515213459684267 0.902502026062599 0.7612284960900547 0.902502026062599 0.7612284960900547 0.94954436895972 0.7515213459684267 0.94954436895972
2 0.7431570121961849 0.8212809030789039 0.7523041344261807 0.8212809030789039 0.7523041344261807 0.8644030507345981 0.7431570121961849 0.8644030507345981
2 0.7356899736410863 0.7465171795459794 0.744463743943327 0.7465171795459794 0.744463743943327 0.7854391180144306 0.7356899736410863 0.7854391180144306
2 0.7291563149053752 0.6770737209835628 0.736250001532719 0.6770737209835628 0.736250001532719 0.7133355269667602 0.7291563149053752 0.7133355269667602
