3 0.5961985933303074 0.401303894231653 0.596040907691951 0.3634856673672298 0.7064660644267321 0.3632266782418688 0.7066237500650886 0.401044905106292
3 0.8137368978495523 0.2571449326561022 0.8133086751933023 0.22539998331528205 0.9540748554896666 0.2243318736238286 0.9545030781459166 0.2560768229646488
3 0.6133725968547764 0.25919242340782855 0.6101750329667511 0.19690930806784399 0.7192692675234506 0.19375885344005817 0.7224668314114757 0.2560419687800427
3 0.6970695082239602 0.4009824141970799 0.6956480210110513 0.3652702846529212 0.8186842447040562 0.3625155312462536 0.8201057319169652 0.3982276607904123
3 0.8081538724844333 0.3951298888502484 0.808750458359397 0.344327892681897 0.9463267256781914 0.34523667158827315 0.9457301398032277 0.39603866775662455
4 0.4885107853518362 0.3994886202652903 0.48561432873817095 0.32802840221541796 0.9008676804238783 0.3185608357262075 0.9037641370375434 0.3900210537760799
3 0.5077515066225443 0.2650318149454526 0.5039535125534134 0.21600027031094066 0.6144225262458397 0.21118698383691348 0.6182205203149707 0.2602185284714254
0 0.5438434996615774 0.2612270131186504 0.5440495403012351 0.24154086388304769 0.5711477895233645 0.2417003988460202 0.5709417488837069 0.26138654808162287
3 0.4828052698165522 0.39914091856052997 0.481380877265211 0.34091528636079577 0.5893696965983259 0.33942929323298915 0.5907940891496672 0.3976549254327233
3 0.7134356078052564 0.2551408216689653 0.7134815909044365 0.18861979716256697 0.830612792981188 0.18866534150503178 0.8305668098820077 0.25518636601143013
4 0.5104933747776667 0.2583739492119601 0.5071094697268945 0.19511587169365616 0.909936675617672 0.1829947307750614 0.9133205806684441 0.24625280829336535
0 0.5203411160411872 0.39597860274983737 0.5205916857026455 0.3720379289217124 0.5499784221198778 0.37221093684808343 0.5497278524584194 0.3961516106762084
2 0.7343028206204929 0.2519760248435763 0.7865140690115043 0.2519760248435763 0.7865140690115043 0.25600835810031913 0.7343028206204929 0.25600835810031913
2 0.6323893311982215 0.25538110626038135 0.6861537746214598 0.25538110626038135 0.6861537746214598 0.2595030469228296 0.6323893311982215 0.2595030469228296
2 0.5172117306875808 0.3965950292028371 0.5652653839217641 0.3965950292028371 0.5652653839217641 0.39827131943193655 0.5172117306875808 0.39827131943193655
