4 0.14544010516434377 0.1207339334537355 0.22918733977715589 0.1207339334537355 0.22918733977715589 0.3922653676413149 0.14544010516434377 0.3922653676413149
0 0.1714379858228365 0.34742432637158516 0.21808777788347236 0.34742432637158516 0.21808777788347236 0.37209040392364634 0.1714379858228365 0.37209040392364634
1 0.13893910135978593 0.32614982639219653 0.23189298009366893 0.32614982639219653 0.23189298009366893 0.3902462119471222 0.13893910135978593 0.3902462119471222
1 0.13965564434383934 0.262825667306269 0.23233447091889506 0.262825667306269 0.23233447091889506 0.3215837438478863 0.13965564434383934 0.3215837438478863
1 0.14051279308400763 0.19706791180706612 0.23339123711524543 0.19706791180706612 0.23339123711524543 0.2584035386788023 0.14051279308400763 0.2584035386788023
1 0.14085425795176912 0.12126271116393221 0.23458636415240394 0.12126271116393221 0.23458636415240394 0.1924581360922815 0.14085425795176912 0.1924581360922815
2 0.23025634444795576 0.20629574057093658 0.2337968843661287 0.20629574057093658 0.2337968843661287 0.24269040825921234 0.23025634444795576 0.24269040825921234
2 0.22930202646519127 0.27413150984087925 0.23284256638336456 0.27413150984087925 0.23284256638336456 0.3100575766576331 0.22930202646519127 0.3100575766576331
2 0.22763589003310994 0.33942323127306584 0.2326342993293539 0.33942323127306584 0.2326342993293539 0.3783171036094641 0.22763589003310994 0.3783171036094641
2 0.23138469700530048 0.14745307423920595 0.2345087028154453 0.14745307423920595 0.2345087028154453 0.17853693205022447 0.23138469700530048 0.17853693205022447
