1 0.6997858072438773 0.6897332642117303 0.6993849283376272 0.5877640259304804 0.8511202799957059 0.5874284789523323 0.8515211589019559 0.6893977172335822
1 0.7080392253076595 0.8001238765558486 0.7082436523909927 0.6927775630792861 0.8604208983902573 0.6929405765691514 0.8602164713069239 0.8002868900457139
4 0.727283788977853 0.9273143548629025 0.6933433612475676 0.48417179235081054 0.827552551060486 0.47838978515431846 0.8614929787907715 0.9215323476664105
1 0.7140356654042287 0.922285717445943 0.7147018227744112 0.8015915174717361 0.8664153647255904 0.8020625352626386 0.865749207355408 0.9227567352368454
1 0.6925800781960157 0.5852258006684602 0.6923458659564324 0.48094149891064775 0.8408144530539843 0.48075393565966473 0.8410486652935676 0.5850382374174773
0 0.7674785154535229 0.8790541065949705 0.7676486000889394 0.8498429249543455 0.8372902019943937 0.8500710154753419 0.8371201173589771 0.8792821971159669
2 0.8429661330807463 0.7790634511235794 0.842664848166938 0.7205099458450073 0.8570034880068579 0.7204684451882257 0.8573047729206663 0.7790219504667979
2 0.8241509157185344 0.5600364670591443 0.8238587537767362 0.5061449470574114 0.8378643852432145 0.5061022371696047 0.8381565471850126 0.5599937571713375
2 0.8333628948756291 0.6691174496401456 0.8332600459815073 0.6115522837568226 0.8467634828338599 0.6115387129174398 0.8468663317279818 0.6691038788007628
2 0.8507311233310143 0.8930369961194211 0.8505187797937485 0.8327652565194995 0.8637757354481184 0.8327389846092711 0.8639880789853842 0.8930107242091927
