4 0.6387097373240797 0.8505697962823785 0.6092960595465169 0.35561314689108425 0.7646261273223661 0.35042084152516206 0.7940398050999288 0.8453774909164564
1 0.4083654302995089 0.5936235348655442 0.40421704897624805 0.48182143857621923 0.5668681229553525 0.47842668553765916 0.5710165042786133 0.5902287818269842
1 0.2068567675891866 0.6005183299930655 0.2051979873992834 0.4846374179850763 0.36378266445618535 0.48336050681961057 0.3654414446460886 0.5992414188275997
1 0.6211598276814869 0.7173545847214435 0.6144720246594099 0.5955689534472397 0.7854297692747547 0.5902881655054927 0.7921175722968319 0.7120737967796965
1 0.2072221177885084 0.4836954305829531 0.20420986828905635 0.3665851611782 0.3606030350557898 0.36432241280526284 0.3636152845552418 0.48143268221001595
4 0.4249996682574718 0.84892030798688 0.40599084837755234 0.3605935485434157 0.5606544506261524 0.35720701579377384 0.5796632705060719 0.8455337752372382
1 0.40668362517138623 0.47935112921187545 0.40045311767811065 0.36230592856744254 0.5610282303716891 0.35749786086354346 0.5672587378649647 0.47454306150797637
1 0.6101887178872317 0.47499856792027484 0.6045439814010002 0.35491801508113485 0.7690977323888831 0.35056689261496893 0.7747424688751147 0.47064744545410897
1 0.8329090048149166 0.5906371817856506 0.823950638154448 0.47341146457550987 0.991041633339533 0.4662288674429277 1.0000000000000016 0.5834545846530684
0 0.8581331539144439 0.41958639665994224 0.8559171708415273 0.396242585624786 0.9157672569329577 0.39304676801218813 0.9179832400058743 0.4163905790473444
1 0.6149335529809441 0.5896165787989558 0.6096789946006916 0.4775535334499248 0.7765749407178572 0.473151613750327 0.7818294990981096 0.585214659099358
1 0.4137223607393919 0.7248002959156377 0.4077803034477252 0.5985449248218877 0.5724194756047306 0.59418636839751 0.5783615328963972 0.72044173949126
4 0.2151372035455353 0.8502387175160133 0.2084511176840906 0.36480274713357924 0.3605820245074031 0.36362411038932585 0.3672681103688478 0.8490600807717599
0 0.4386068117209529 0.43310266382337903 0.4369793703147029 0.41093359644056654 0.49289400208113027 0.4086246921336523 0.49452144348738025 0.4307937595164648
0 0.645927473756215 0.42380473596409024 0.644190657349965 0.4020374630148715 0.70371437194691 0.3993659183327848 0.70545118835316 0.4211331912820035
0 0.23936993418086833 0.4378543719382003 0.23811090097774332 0.4146574725241378 0.29294032786340257 0.4129835186867998 0.29419936106652755 0.4361804181008623
3 0.07126786674509955 0.7431309544954494 0.06583451041004032 0.6080363222644409 0.21282984901765425 0.604710828141579 0.21826320535271349 0.7398054603725874
2 0.40766812709868944 0.5703172988945007 0.4063912883204469 0.5075557781293908 0.41248962027748204 0.5074859908619759 0.4137664590557245 0.5702475116270859
2 0.6088508126794588 0.448749610464956 0.6064125249241563 0.3858891938126724 0.6128060971333947 0.3857496939424182 0.6152443848886973 0.44861011059470185
2 0.6188265641290716 0.6879456659572404 0.6165753935357584 0.6221216832623259 0.6235353130075691 0.621987792383341 0.6257864836008823 0.6878117750782555
2 0.20637094141824286 0.6939534417423006 0.20484873576303764 0.6294559664621007 0.21514906885475493 0.6293192236797948 0.21667127450996015 0.6938166989599946
2 0.20659524878434243 0.4596253739914529 0.20760611890467454 0.39848101344673476 0.21452616960778947 0.39854536673686425 0.2135152994874574 0.4596897272815824
2 0.4038246361508318 0.45356214684804785 0.4035571582732736 0.3923431883959858 0.4108454752279484 0.392325276081327 0.4111129531055066 0.45354423453338905
2 0.4116106489583832 0.6913537083118946 0.4101740445624044 0.625974685039498 0.41603457219491163 0.6259022484477942 0.4174711765908904 0.6912812717201907
2 0.20574500546736446 0.5747192948239115 0.20481587707048507 0.5129833846086782 0.21432946798159705 0.5129028458600705 0.2152585963784764 0.5746387560753038
2 0.6120410423486426 0.565440883942618 0.6090272640132403 0.5019885388567508 0.6173964063115761 0.5017649412720255 0.6204101846469785 0.5652172863578928
2 0.8184433589632117 0.44188101424655024 0.8147744379611386 0.37958556462602455 0.8232688225701585 0.3793041565972941 0.8269377435722317 0.4415996062178198
1 0.7885545026282837 0.6519944446457295 0.7923113130267032 0.6519944446457295 0.7923113130267032 0.6531214877652556 0.7885545026282837 0.6531214877652556
2 0.8340109881905594 0.6194077978747987 0.8463064552425863 0.6194077978747987 0.8463064552425863 0.6849520953136803 0.8340109881905594 0.6849520953136803
2 0.8241746145489379 0.4973989325123784 0.8376050477903829 0.4973989325123784 0.8376050477903829 0.5618082637618421 0.8241746145489379 0.5618082637618421
1 0.8210260701268745 0.4703407280706932 0.8117999034542124 0.3496106836000022 0.9788908986392971 0.3424280864674201 0.9881170653119592 0.4631581309381112
