1 0.47812068726877144 0.48662807478320674 0.47583880042104937 0.4138097194287186 0.5699022761439223 0.41215167261524405 0.5721841629916444 0.48497002796973215
1 0.38311291513059315 0.48645038600107865 0.38224133666658616 0.41424310501822925 0.4760032993741494 0.4136064931723224 0.4768748778381564 0.4858137741551718
2 0.40557446208258346 0.41722988529150856 0.4055571744364819 0.41446735636869453 0.45540935633066326 0.4142918730950691 0.4554266439767648 0.4170544020178831
4 0.2887015412907206 0.4844052971921267 0.28815295730634555 0.417759362133533 0.668936791027043 0.4159962883499068 0.669485375011418 0.48264222340850055
0 0.6112611601825063 0.4570552810313366 0.609701248737621 0.42284955656634404 0.6348122148325549 0.42220540643477517 0.6363721262774403 0.45641113089976765
1 0.28613876340618977 0.4875832704590449 0.28628915403118965 0.41421321430670116 0.3823507588919871 0.4143239720956754 0.3822003682669873 0.48769402824801916
1 0.5725578900763607 0.4124257678930108 0.6697936075996349 0.4124257678930108 0.6697936075996349 0.4849985425007937 0.5725578900763607 0.4849985425007937
2 0.5937432160787753 0.41251559149284955 0.6442015917026318 0.41251559149284955 0.6442015917026318 0.4158223297012092 0.5937432160787753 0.4158223297012092
2 0.49919499767679215 0.4135259837231817 0.5491634861586693 0.4135259837231817 0.5491634861586693 0.4163734527359358 0.49919499767679215 0.4163734527359358
2 0.31169069408425804 0.4149956451491193 0.3616591825661352 0.4149956451491193 0.3616591825661352 0.41830238335747877 0.31169069408425804 0.41830238335747877
