1 0.09702750158490503 0.7582323610635936 0.09717545080365497 0.6734557497354686 0.21215045163908958 0.6735686155892888 0.21200250242033963 0.7583452269174137
1 0.10292480931268161 0.5893245097536655 0.10280120274675601 0.5108541532636817 0.21518907097614723 0.5107545719443909 0.21531267754207284 0.5892249284343747
1 0.09832447823643146 0.6708327013462635 0.09845167550205644 0.5917706896275138 0.21452176412472274 0.5918757291545209 0.21439456685909777 0.6709377408732707
4 0.09702264425065582 0.8500937416776483 0.10551133240169745 0.5099404518827264 0.20956935607486496 0.5114011618868046 0.20108066792382331 0.8515544516817265
1 0.08880949817850023 0.8534433560642138 0.08925622766284089 0.759751527436662 0.21143927000167423 0.7600792273777139 0.2109925405173336 0.8537710560052658
2 0.1037643974477815 0.5746996072983082 0.10399692104804187 0.5330415262436214 0.10948106564348073 0.5330587448977224 0.10924854204322036 0.5747168259524091
2 0.09609441116982192 0.741323134041643 0.09614623001747821 0.6924967180260193 0.10181301584829666 0.6925001009499321 0.10176119700064037 0.7413265169655558
2 0.09856204716835384 0.6545061729899706 0.09877201017249952 0.6111700637156743 0.10615393816693024 0.6111901817336455 0.10594397516278455 0.6545262910079418
2 0.09013385343998861 0.8299934067259859 0.09028881112694444 0.7823596066726931 0.09841979049818708 0.7823744853142667 0.09826483281123126 0.8300082853675594
0 0.11933195860924505 0.5388464994047241 0.1732973666427253 0.5388464994047241 0.1732973666427253 0.560081127389729 0.11933195860924505 0.560081127389729
