1 0.4522593643229827 0.505452609874224 0.4437012787644474 0.35217090645150295 0.6645562241142026 0.34523479662678414 0.6731143096727378 0.4985165000495052
1 0.4470653587492642 0.3435214801770902 0.4421900614641765 0.19716080375484235 0.6596544532985991 0.19308618127714278 0.6645297505836867 0.33944685769939065
1 0.44299943373033396 0.18729753986987296 0.43799977319071914 0.033655257914041274 0.6532598526438091 0.02971508036262829 0.658259513183424 0.18335736231846
1 0.7187813478324475 0.18372769249019388 0.7106974982072695 0.027621399089744727 0.9260054500864483 0.021349769350463545 0.9340892997116265 0.17745606275091272
1 0.45367822877857045 0.6736138884691424 0.4509211910085455 0.5061627182686753 0.6738767908365485 0.5040978353085951 0.6766338286065735 0.6715490055090622
1 0.7389812115919621 0.6696756051854709 0.7351896276767195 0.5057780083891744 0.9648730440629364 0.5027891850027596 0.968664627978179 0.666686781799056
4 0.46100424972304743 0.6739451110240843 0.44342877609381187 0.03375524525351125 0.6537139418152713 0.030507892959948373 0.6712894154445069 0.6706977587305214
1 0.17610370940257178 0.5088984823111358 0.17541457662636817 0.35145635618650045 0.39261081975279444 0.3509215987953171 0.393299952528998 0.5083637249199524
1 0.7217388824438224 0.3339502367677276 0.7220617058065731 0.18353216532767616 0.9431369349638297 0.1837990524085998 0.942814111601079 0.33421712384865127
4 0.751097978265254 0.6689190171816018 0.7220219691506703 0.0265045884706642 0.933167625839774 0.021129022590196906 0.9622436349543577 0.6635434513011345
3 0.1643551126558667 0.6982896381253816 0.16476417027305418 0.5051099506253816 0.2620816854398364 0.5052258648043059 0.26167262782264894 0.6984055523043058
4 0.18568376469727987 0.6742903105822049 0.18052362686822906 0.04375841563346091 0.3810782996530529 0.042835186386546084 0.38623843748210374 0.6733670813352901
3 0.7238255209475694 0.4971366593793821 0.7109368490725694 0.30933514570750714 0.8529983722815975 0.30385101151905536 0.8658870441565975 0.4916525251909304
0 0.48535294577559784 0.12231707094711561 0.4844812823641395 0.09129125307602186 0.5618504233650273 0.09006856442886092 0.5627220867764857 0.12109438229995467
0 0.7660560709314105 0.11568966572945107 0.7650383300459938 0.08342628377144325 0.8467982584956733 0.08197554117972863 0.8478159993810899 0.11423892313773645
2 0.45295964565105223 0.6291723960455439 0.45121034694160184 0.543018162119186 0.4595443219987184 0.5429229785307478 0.4612936207081688 0.6290772124571057
2 0.4406609917792118 0.1563998500983624 0.4398740514828698 0.07482106002826658 0.44798612553926886 0.0747770431784153 0.44877306583561094 0.15635583324851116
2 0.4501927592750324 0.4686940196191869 0.44663917493249117 0.3839199138262853 0.45629976234316777 0.38369212654488966 0.45985334668570893 0.4684662323377912
2 0.7405929772381102 0.624993412780435 0.7359404677689533 0.5383601827801909 0.7449785562108943 0.538087158121717 0.7496310656800512 0.6247203881219611
2 0.44609396492778036 0.31050917315943083 0.4432834336860889 0.22624213367897889 0.45147048674202045 0.22608853735828477 0.4542810179837119 0.31035557683873666
2 0.7215952093743604 0.21733696552590281 0.7342517665124697 0.21733696552590281 0.7342517665124697 0.30357659155738187 0.7215952093743604 0.30357659155738187
2 0.712453187883454 0.06890172277557088 0.726514763960101 0.06890172277557088 0.726514763960101 0.1483496276086271 0.712453187883454 0.1483496276086271
2 0.17623060754278272 0.3903507957072637 0.1847484202406839 0.3903507957072637 0.1847484202406839 0.4727386047335146 0.17623060754278272 0.4727386047335146
