1 0.44927545245279715 0.5824431549790818 0.4535483356372351 0.4946590246519803 0.5672333915694944 0.4977716791389325 0.5629605083850564 0.585555809466034
1 0.2507128399280928 0.34123932334356466 0.25626955212423747 0.26610107442769443 0.366422262750148 0.27068327979134393 0.3608655505540034 0.34582152870721417
1 0.3660046380730598 0.3451439000770901 0.3706725433178663 0.2695596183303808 0.4703630417559091 0.2730227327073567 0.4656951365111025 0.34860701445406606
1 0.20695587450937183 0.5784415027007225 0.217344098793226 0.48752582276908185 0.33749794222239904 0.4952484081879493 0.3271097179385449 0.5861640881195899
4 0.20807069093835817 0.5744902498219316 0.21048830685573383 0.49522826915321067 0.692312416155614 0.5034949931832237 0.6898948002382383 0.5827569738519446
4 0.2501415924030256 0.3373548518845498 0.2540844634967756 0.2676313411423623 0.6948580926549187 0.28165209813411973 0.6909152215611687 0.3513756088763072
1 0.33137175648311623 0.5802767555232233 0.33779738345585875 0.49128738639369285 0.44926957211054735 0.4958149695633384 0.44284394513780484 0.5848043386928689
1 0.5672721989794138 0.5856911045247973 0.5692848787867822 0.49748216761197056 0.6916992306958302 0.4990533151379337 0.6896865508884618 0.5872622520507604
2 0.3854406869851512 0.3465233837840479 0.3856769561195031 0.3427517806363883 0.4478880998464142 0.3449439379316326 0.44765183071206227 0.3487155410792922
1 0.5783673408799607 0.3505412696621285 0.5844820351240703 0.27406976353827395 0.6965400627558427 0.2791098803589664 0.6904253685117331 0.35558138648282095
1 0.47129287492584526 0.3482321265222892 0.4754647362438986 0.27323491074673206 0.5808572321816818 0.27653265474647754 0.5766853708636285 0.35152987052203466
2 0.35494387595615967 0.5811631730433529 0.3552411708087059 0.5764524957752283 0.41936341465259086 0.5787288260602785 0.41906611980004466 0.583439503328403
0 0.2501059775173035 0.5628092638809084 0.2548381959417827 0.5206624132949709 0.28723203517800905 0.5227083142440916 0.28249981675352986 0.5648551648300292
2 0.494631410691669 0.3490006444748664 0.49481823768723354 0.345317066131567 0.5480005768598301 0.34683432498743383 0.5478137498642656 0.35051790333073324
2 0.47397137667696615 0.5834286479271067 0.47414150862882093 0.5797074068023191 0.5387295121550209 0.5813684176156556 0.5385593802031661 0.5850896587404432
0 0.29447190439022985 0.32662651239869456 0.29690057463762565 0.2905373400354133 0.32303948883893685 0.2915268079138055 0.32061081859154106 0.32761598027708677
2 0.2774444900037259 0.3432335128303869 0.27764830210073344 0.33898841263052465 0.3388858910173013 0.3406422112369539 0.3386820789202937 0.3448873114368161
2 0.2375139237542262 0.5774840621814954 0.23778032612307834 0.5735513981957142 0.3024367428709969 0.5760150844496239 0.3021703405021448 0.5799477484354051
2 0.5932682414446002 0.5857558261639165 0.593552932515661 0.5816227648668998 0.6579971621134323 0.5841197074910346 0.6577124710423714 0.5882527687880512
2 0.6031457841979083 0.3512595123383072 0.6032276612946361 0.3486492379519586 0.6604815180714169 0.34965942907269065 0.660399640974689 0.35226970345903924
