1 0.2757573441332637 0.24668978407486145 0.2693110550707637 0.17566710951431458 0.3665308435294968 0.17070358750716982 0.3729771325919968 0.2417262620677167
1 0.0049575075705124046 0.2539334482444039 0.0023614992697311454 0.18781778662331017 0.09072568945097195 0.18586614282004923 0.09332169775175322 0.251981804441143
4 0.005954761123514601 0.2516119872154496 0.002074145889139601 0.18872352896349634 0.3626051609056167 0.17620956804161336 0.36648577613999167 0.23909802629356658
1 0.18438592595496558 0.2499043541132988 0.18027736475704892 0.17876827623243943 0.2682867628471178 0.1759090308964668 0.2723953240450344 0.2470451087773262
1 0.09427651462436236 0.2525828844738986 0.09071775811394568 0.1828922106457736 0.1784432424557158 0.1803723767565701 0.18200199896613245 0.2500630505846951
0 0.30693716889247735 0.2147942983543091 0.3058659589436971 0.1821121747406291 0.3295531747449645 0.18167545696157963 0.3306243846937447 0.2143575805752596
2 0.20351788295058773 0.18289352731696415 0.20331315702501768 0.1801322495437439 0.25171179879389266 0.17811379744665085 0.25191652471946274 0.18087507521987106
2 0.029668652564374266 0.191218536837832 0.02943241146535563 0.18821909286791888 0.07715795942391639 0.18610468799557367 0.07739420052293502 0.1891041319654868
2 0.11585374105619596 0.18703050883722055 0.11564529975273412 0.18390985984734395 0.16469062811140747 0.1820671411964192 0.16489906941486931 0.1851877901862958
2 0.29343296631136895 0.17361356131043176 0.34065857300833574 0.17361356131043176 0.34065857300833574 0.17853997351982756 0.29343296631136895 0.17853997351982756
