1 0.7672987467738889 0.4551361790631614 0.7674261318752815 0.36370924565003293 0.8913828375462542 0.3638063943596475 0.8912554524448616 0.45523332777277603
2 0.8891957107021669 0.34411446920827404 0.8892250075771668 0.2946001869817125 0.8979330167733103 0.2946030852074983 0.8979037198983103 0.34411736743405985
1 0.7751756767754646 0.1793379853229416 0.7752891207858813 0.06792170266913615 0.9141309407572212 0.06800122255194828 0.9140174967468045 0.17941750520575372
2 0.9024964140922203 0.15320208781868033 0.9024197539359702 0.09569122356087226 0.9122376898806679 0.09568386212510314 0.9123143500369179 0.15319472638291123
1 0.7734471256287759 0.27554777267989855 0.7733261487770153 0.17973804579221564 0.9044204915455692 0.17964493518612 0.9045414683973297 0.2754546620738029
2 0.8826048646717939 0.4322548030950197 0.8827248190988772 0.38418766442314634 0.8909931591364836 0.3841992711259998 0.8908732047094002 0.4322664097978731
1 0.770120198609411 0.3658932185449174 0.7702414551198278 0.27588186600585496 0.8979097493072555 0.2759786076269575 0.8977884927968389 0.36598996016602
4 0.9082589252632622 0.06556116813829967 0.8842083668514936 0.4592704726184056 0.7641485049287707 0.455145036636354 0.7881990633405394 0.061435732156248056
2 0.8955126877286552 0.251632826945972 0.895430656478655 0.2001060935475347 0.9045775419290608 0.20009790244267206 0.9046595731790609 0.25162463584110933
0 0.8173065592705941 0.4234814850361145 0.8172923991143441 0.4017228790790832 0.8745319823960724 0.40170192560841683 0.8745461425523224 0.4234605315654481
