1 0.692544108539741 0.38782286746569333 0.6912501632272411 0.32682573611803706 0.7897853185435925 0.32564997188977535 0.7910792638560924 0.3866471032374316
1 0.2191282953979021 0.39008625036984695 0.22297725373123548 0.3309212113073469 0.31480725572004736 0.3342815664184998 0.31095829738671404 0.39344660548099986
1 0.8377410103812326 0.5267944113133098 0.831341921839566 0.4567416159031536 0.935398431203015 0.45139493298734906 0.9417975197446817 0.5214477283975053
3 0.0031918344437671577 0.4431930013329309 0.023519802751994192 0.36902311725345555 0.11421087783079173 0.3830046071012998 0.0938829095225647 0.45717449118077513
1 0.7058703366750732 0.5238002220495287 0.7024153113756514 0.4526851895810445 0.8049293079050491 0.4498836580752076 0.808384333204471 0.5209986905436917
1 0.4552970315337297 0.3882764587437503 0.45556892280977135 0.3301392517125003 0.549926269571002 0.3303874731898939 0.5496543782949603 0.38852468022114384
4 0.3291077231590026 0.5248312475738917 0.35011307090417887 0.26743060848996975 0.4403407755433675 0.2715723471406738 0.41933542779819116 0.5289729862245958
4 0.7109428714977254 0.5262885181561934 0.689918823149287 0.2674971324547737 0.785496456773981 0.26312950757610515 0.8065205051224196 0.5219208932775249
4 0.8460671348359847 0.5297087995324437 0.806857537942209 0.26654643261264604 0.9014716025701782 0.2586169140416372 0.9406811994639538 0.5217792809614349
4 0.08313428333144804 0.5260333277476095 0.13100146584829625 0.26919596693807346 0.21863503322104422 0.278382945118864 0.170767850704196 0.5352203059284001
1 0.4544071693513921 0.45185561521427586 0.4549478594555588 0.39032222898380714 0.5509064133114042 0.39079651882965916 0.5503657232072373 0.4523299050601279
1 0.10543377133826344 0.3904709225223359 0.11027780616899255 0.33207785611608603 0.20122235062264848 0.336321560798206 0.1963783157919194 0.3947146272044559
1 0.5740151706070151 0.44278029263309376 0.5776213717788902 0.3871585885315313 0.6779831527564174 0.39081871882842706 0.6743769515845424 0.44644042292998953
1 0.6912906888968372 0.32990568240148993 0.6871967761364205 0.2679128845499274 0.7800629894885796 0.26446321408288503 0.7841569022489961 0.3264560119344475
1 0.2112023381651043 0.4555470908573786 0.2141347112119793 0.38974002298628485 0.3099676516314451 0.3921420839134196 0.30703527858457 0.45794915178451334
1 0.6987923169062418 0.4508083753496504 0.6973999015416584 0.38953536509574416 0.7976996135565376 0.3882532653838903 0.799092028921121 0.44952627563779657
4 0.4557696496343819 0.523276434122515 0.46065461049237777 0.26714721410581094 0.5502087034267552 0.2681079630755261 0.5453237425687593 0.5242371830922301
4 0.5822424726265384 0.5241278361332722 0.576555827723562 0.26927177126697244 0.6712806405033458 0.2680828655393024 0.6769672854063221 0.5229389304056021
4 0.20371147971949477 0.5237415223639462 0.2379949176150536 0.26596415260527634 0.3281151984432416 0.2727060888456851 0.2938317605476828 0.5304834586043551
1 0.456461619803646 0.3290872913397851 0.4585583711070924 0.26713116292423444 0.5495892376755885 0.2688640643307551 0.5474924863721422 0.3308201927463058
1 0.33450247839994035 0.3900329235961729 0.33767882931139864 0.32870418824461045 0.43176420034075697 0.3314451886202886 0.4285878494292986 0.39277392397185107
1 0.8076716322618096 0.32686566764686487 0.8053459486680596 0.2662661803421774 0.90082902688418 0.26420493058446165 0.9031547104779301 0.32480441788914916
1 0.8154520695435502 0.3865257865969667 0.8134266789185502 0.3260370170657167 0.911738771027115 0.3241853474076391 0.913764161652115 0.3846741169388891
3 0.8204863542114462 0.4476226627237523 0.8155923380989945 0.3567481737001338 0.8729577302692841 0.3550103892505633 0.877851746381736 0.4458848782741817
1 0.11601220025073798 0.3335144748602076 0.12138069080401548 0.2724585353578323 0.21027054817308014 0.2768549536988614 0.20490205761980265 0.3379108932012367
1 0.32972955141620486 0.4528082010388641 0.33136553774432986 0.39069748326542675 0.4285602482422631 0.3921375356118333 0.4269242619141382 0.4542482533852707
3 0.5772103797795839 0.5212199438866687 0.5763281063449823 0.4312493697649025 0.6441852837512818 0.4308750687295271 0.6450675571858835 0.5208456428512933
2 0.3355717390800386 0.3781188138480223 0.33739655960411374 0.3444724079049848 0.3434741563724683 0.34465781907127785 0.3416493358483932 0.37830422501431543
2 0.342236980322008 0.3189815840897221 0.34239752105915067 0.28682699280271845 0.3482980139665048 0.28684356396912586 0.3481374732293621 0.3189981552561295
2 0.33032109636668905 0.4412172331496072 0.33145138031337923 0.40569126028829 0.3388560859232622 0.4058237773822296 0.33772580197657204 0.4413497502435468
2 0.09096564112417839 0.4432970168227071 0.09841168342794095 0.40891821323071476 0.10678790131166731 0.4099386949587725 0.09934185900790476 0.44431749855076486
2 0.4547897560033111 0.37591239192049514 0.45458101396986417 0.34274987355684516 0.459456990587428 0.34273260935331107 0.45966573262087496 0.37589512771696104
1 0.34171064429977577 0.32784533151067646 0.34397749000290073 0.26916643746770774 0.433786733653258 0.2711180050974651 0.43151988795013296 0.3297968991404338
2 0.10573601444677347 0.3810157052023687 0.10985142493059247 0.34883101372061237 0.11598499005306896 0.3492721769596689 0.11186957956924995 0.3814568684414253
0 0.2456438133107933 0.29507325274740515 0.2789916010228669 0.29507325274740515 0.2789916010228669 0.3066903099421848 0.2456438133107933 0.3066903099421848
0 0.36190549943266737 0.29274984130844917 0.3941599170558205 0.29274984130844917 0.3941599170558205 0.3036835421976536 0.36190549943266737 0.3036835421976536
0 0.4759804453767004 0.29069977239172334 0.5080526346517003 0.29069977239172334 0.5080526346517003 0.3017701445420428 0.4759804453767004 0.3017701445420428
0 0.7108727861464427 0.2885130322138824 0.7423982903769824 0.2885130322138824 0.7423982903769824 0.299720075625317 0.7108727861464427 0.299720075625317
0 0.8323215355761963 0.2875359482188489 0.8652899728311803 0.2875359482188489 0.8652899728311803 0.29827771363594413 0.8323215355761963 0.29827771363594413
1 0.22749209010285176 0.27219287332978426 0.3195524392021793 0.27219287332978426 0.3195524392021793 0.3311430697972676 0.22749209010285176 0.3311430697972676
2 0.11721478196950466 0.29169626297313006 0.12691883799312378 0.29169626297313006 0.12691883799312378 0.322149122994619 0.11721478196950466 0.322149122994619
2 0.22787506995814374 0.2886318242288293 0.23604690660961242 0.2886318242288293 0.23604690660961242 0.31965926651487464 0.22787506995814374 0.31965926651487464
2 0.21987347990358064 0.3459623657367896 0.22838580974886058 0.3459623657367896 0.22838580974886058 0.37896892471186266 0.21987347990358064 0.37896892471186266
2 0.2124677529381871 0.4069957707274468 0.22029909639584463 0.4069957707274468 0.22029909639584463 0.44147070660083043 0.2124677529381871 0.44147070660083043
2 0.4571121126915324 0.2842266935338969 0.4617087708079836 0.2842266935338969 0.4617087708079836 0.31633945787521545 0.4571121126915324 0.31633945787521545
2 0.45396255064877883 0.4039951744569856 0.4594104417497579 0.4039951744569856 0.4594104417497579 0.4391723775426049 0.45396255064877883 0.4391723775426049
2 0.576880593614621 0.46834838808730195 0.581562375029525 0.46834838808730195 0.581562375029525 0.5051854954927507 0.576880593614621 0.5051854954927507
2 0.5761144839285457 0.4034205921924297 0.5816474983279779 0.4034205921924297 0.5816474983279779 0.4381508979611718 0.5761144839285457 0.4381508979611718
2 0.687881374797071 0.2819283644756713 0.6954573483593702 0.2819283644756713 0.6954573483593702 0.3137857589216315 0.687881374797071 0.3137857589216315
2 0.6923077863166168 0.34028038556506524 0.7001391297742744 0.34028038556506524 0.7001391297742744 0.37322310206629855 0.6923077863166168 0.37322310206629855
2 0.6977556774175959 0.40252679755867476 0.7039696782046505 0.40252679755867476 0.7039696782046505 0.43661867858902087 0.6977556774175959 0.43661867858902087
2 0.7029481986232164 0.4677738058227458 0.710013432394799 0.4677738058227458 0.710013432394799 0.5041640159113175 0.7029481986232164 0.5041640159113175
2 0.8319099957792078 0.46873144293033947 0.8412735586090155 0.46873144293033947 0.8412735586090155 0.5045470707543548 0.8319099957792078 0.5045470707543548
2 0.8136084866118558 0.33938659093131096 0.8232274193370224 0.33938659093131096 0.8232274193370224 0.3724569923802235 0.8136084866118558 0.3724569923802235
2 0.8056920198557456 0.281034569841917 0.8142043497010256 0.281034569841917 0.8142043497010256 0.31276427934019796 0.8056920198557456 0.31276427934019796
