3 0.31044694733177414 0.6824825003730356 0.3112619575101297 0.6254894445762958 0.4335332860772419 0.6264729760162135 0.4327182758988863 0.6834660318129534
4 0.11260941425155363 0.6820554969819888 0.11026888311740123 0.6048631085464107 0.5485395954066183 0.5973882165810217 0.5508801265407707 0.6745806050165998
3 0.19207687927086883 0.6866945839895847 0.18909295909800558 0.6289001863720893 0.3235575971722019 0.6249950871500629 0.32654151734506515 0.6827894847675583
3 0.43027568005216177 0.7036694390758307 0.430296156067112 0.6761588595616956 0.5581771782392878 0.6762123990633913 0.5581567022243376 0.7037229785775263
3 0.411426417331659 0.9227987667064997 0.4044770844018556 0.8908342070590252 0.5450267085174487 0.873646157080413 0.5519760414472522 0.9056107167278875
2 0.32580354328087424 0.9229000139084467 0.3248884333955768 0.9178644590886399 0.3928375638097077 0.910918497962212 0.3937526736950051 0.9159540527820187
4 0.050646543129093044 0.9560348198694375 0.028821800513416224 0.8633394365439762 0.5242254262203662 0.7977290292976903 0.546050168836043 0.8904244126231516
3 0.13577438000381364 0.9810173700672306 0.12921242667386174 0.9392492223627118 0.295272061120446 0.924574343477693 0.3018340144503979 0.9663424911822118
2 0.19955896787679603 0.9391039451570252 0.19870332749138367 0.9342256777706726 0.2687602772605562 0.9273137462796238 0.26961591764596854 0.9321920136659766
3 0.06129601976247299 0.6885059744007139 0.06155389167317466 0.6461239949474351 0.21383231336425979 0.6466451700916237 0.21357444145355814 0.6890271495449026
3 0.0 0.9136043609093649 0.16938891449144522 0.9136043609093649 0.16938891449144522 0.9665098608195869 0.0 0.9665098608195869
3 0.2737833604496204 0.9657433060515979 0.2650065349778145 0.925372904439979 0.41429813155159856 0.9071157839429038 0.4230749570234044 0.9474861855545227
