1 0.1304906871061152 0.2761678175312355 0.12850566106444852 0.22556396621287608 0.19210083511068168 0.22416073471485834 0.19408586115234835 0.2747645860332177
1 0.0581819661273453 0.2751857641234725 0.058434068833872 0.22574853815545118 0.12986233221720214 0.225953425924131 0.12961022951067544 0.27539065189215234
1 0.2648539428100006 0.27284991315311635 0.26263657627354225 0.2221218552917882 0.3373213501587494 0.2202855543761805 0.33953871669520774 0.2710136122375086
1 0.1945081382527691 0.2754334447499459 0.19118132889400627 0.2239708133399363 0.26256397816971777 0.22137513355684107 0.2658907875284806 0.2728377649668507
4 0.06495401930138144 0.2739218041813165 0.06309286001594915 0.22902862742747584 0.3353108095629417 0.22268054597911238 0.33717196884837397 0.2675737227329531
2 0.07996831517592992 0.22904433146914102 0.079828317220837 0.226447111080108 0.11661204374588856 0.22533181252276513 0.11675204170098148 0.2279290329117981
0 0.2910487872683402 0.2520709085496091 0.2917343608432363 0.22736281485586118 0.30896148230423 0.2276316896386655 0.30827590872933397 0.25233978333241347
2 0.21347221754626422 0.22577792482394465 0.2133322195911713 0.22318070443491167 0.25011594611622284 0.22206540587756876 0.2502559440713158 0.22466262626660177
2 0.2811454629134099 0.2241447215013464 0.28100546495831696 0.2215475011123134 0.31778919148336854 0.2204322025549705 0.3179291894384615 0.2230294229440035
2 0.14646900431146662 0.22741112814654285 0.1463290063563737 0.22481390775750987 0.18311273288142524 0.22369860920016696 0.1832527308365182 0.22629582958919997
