1 0.3818103039606651 0.8336916726093443 0.37813713748669353 0.704513616899402 0.5532829122588881 0.7017122237662293 0.5569560787328598 0.8308902794761716
1 0.6037820030171744 0.8361070008365334 0.5983817751525912 0.7021493592349709 0.7790596717875129 0.698052300921279 0.7844598996520963 0.8320099425228414
1 0.37954710573729267 0.7007329515667766 0.37633833380242165 0.579167102437383 0.549442757500051 0.57659695548366 0.5526515294349221 0.6981628046130535
1 0.5928923293008531 0.572506325502581 0.5855989847973833 0.4459727937359172 0.7583285194668952 0.4403725074609482 0.765621863970365 0.566906039227612
4 0.17869120879623343 0.9662310061056231 0.17057697202397415 0.45505815957645046 0.3278502270566669 0.45365386796287277 0.33596446382892614 0.9648267144920454
1 0.5944746500119222 0.701476133618193 0.5903428140744222 0.5743936140869431 0.7705388997927655 0.5710980851318067 0.7746707357302655 0.6981806046630566
1 0.17213494747359154 0.7025979646941619 0.17132029156979384 0.5801728697480529 0.33615579945309854 0.5795558812655212 0.33697045535689624 0.7019809762116301
4 0.3914093834468091 0.9703877696394392 0.379054755232545 0.4506636573867204 0.5453322025013048 0.44844028253060403 0.5576868307155687 0.9681643947833228
1 0.37682582382908963 0.5753849640988655 0.37472916784389365 0.44972126633648274 0.544036459841908 0.4481322969379847 0.546133115827104 0.5737959947003675
4 0.6207187709745582 0.9742403116785554 0.5902984648672603 0.44586627510656685 0.7590127079403786 0.44040245508119846 0.7894330140476765 0.968776491653187
1 0.8170331734371663 0.5709437561194742 0.805613762990341 0.43969615833124864 0.9832753813721262 0.43100118087249845 0.9946947918189515 0.5622487786607241
1 0.17355538404426177 0.5785177664193666 0.17169044015356016 0.45610190683005836 0.3341443509308071 0.4547097736615246 0.3360092948215087 0.5771256332508329
0 0.6270776539670037 0.5197742296454478 0.625869483394087 0.4954497362372447 0.6916653473350798 0.49361148202447414 0.6928735179079965 0.5179359754326772
0 0.8512438149126261 0.5158254368002384 0.8494278969438762 0.49067446634125406 0.9165375978477905 0.48794894674468337 0.9183535158165405 0.5130999172036678
0 0.41081150524000193 0.5280189766261875 0.4097053040681269 0.50291900104025 0.4686227838337401 0.5014584137967548 0.4697289850056151 0.5265583893826923
3 0.023686282629695507 0.8671341889092175 0.005661893561401461 0.7172403575355824 0.17371507030857783 0.7058733526666781 0.19173945937687192 0.8557671840403132
2 0.6005601779466042 0.8008109739752116 0.5989782347044066 0.7298292868388137 0.6084960252569318 0.7297099695847146 0.6100779684991294 0.8006916567211125
2 0.8362369797998137 0.7999958561324776 0.8291702480289803 0.7271905582809151 0.8390169264501864 0.72665294757846 0.8460836582210198 0.7994582454300225
2 0.3768932795092264 0.5474687208735535 0.3756717077045681 0.48303081878469994 0.38312369344719627 0.48295135446867693 0.38434526525185464 0.5473892565575305
2 0.17302337841596832 0.5525583632255094 0.17317477641362108 0.4903113771003067 0.18032360223458838 0.4903211575549922 0.1801722042369356 0.552568143680195
2 0.591453396351846 0.5427203770782543 0.5888264432268461 0.47827610217591054 0.5967723252476558 0.47809390878408703 0.5993992783726557 0.5425381836864308
2 0.16734272102836306 0.8021229085566517 0.16590481412732144 0.7335833577754021 0.17909240071825527 0.7334277334917226 0.18053030761929692 0.8019672842729723
2 0.3798834980188907 0.8027785685498762 0.3796969643855782 0.7319373411237032 0.3879172606930941 0.7319251657844483 0.3881037943264066 0.8027663932106213
2 0.37844828572230216 0.6720995756418208 0.37752305786729085 0.6047601264060356 0.3840170354770012 0.6047099369541407 0.38494226333201254 0.6720493861899258
2 0.8134085958248085 0.5380864905401687 0.8084437520748085 0.4717587012335281 0.8163581413996935 0.4714254667014137 0.8213229851496935 0.5377532560080543
2 0.5923366340794397 0.669859729675682 0.5886109190223069 0.6019335737368686 0.5995910172876445 0.6015948065382881 0.6033167323447773 0.6695209624771015
0 0.20346357062613496 0.5064917464035854 0.2620306825769002 0.5064917464035854 0.2620306825769002 0.530551351438636 0.20346357062613496 0.530551351438636
2 0.17141073555923697 0.609910501226234 0.17795535758187384 0.609910501226234 0.17795535758187384 0.6749872669835829 0.17141073555923697 0.6749872669835829
2 0.8189222201873687 0.5978828892937944 0.8337003989481615 0.5978828892937944 0.8337003989481615 0.6667597581610615 0.8189222201873687 0.6667597581610615
