3 0.5367535861860491 0.14476191732156837 0.5345294830666311 0.06911236880512958 0.644291724962462 0.06729717051211197 0.64651582808188 0.14294671902855074
3 0.7374412430205551 0.13669113139046973 0.7347283523955551 0.04726805476083106 0.8451668298961116 0.045383426867586917 0.8478797205211116 0.1348065034972256
3 0.8372478027333831 0.1322633296228839 0.8372338053375498 0.03965258133186826 0.9569709472666169 0.03964240157828797 0.9569849446624503 0.1322531498693036
3 0.6400214630095459 0.1404835255907396 0.6373036895720459 0.07273930867179428 0.745612529503475 0.0702951609326979 0.748330302940975 0.13803937785164322
4 0.5405623560901047 0.20774120416208602 0.5365828923877011 0.14531534039351496 0.9446298787990112 0.13068371111014832 0.9486093425014148 0.1931095748787194
2 0.5613017131164312 0.144322266084538 0.5610455758583094 0.1379403738706757 0.616114424504359 0.13669714291691829 0.6163705617624808 0.1430790351307806
2 0.8598021128039242 0.13506826216663267 0.8596062540508912 0.1282764267349595 0.9149809961317832 0.12737819152682472 0.9151768548848161 0.13417002695849792
2 0.7603230944020033 0.13894951119853446 0.7602174236625433 0.13236115035971446 0.8156682714929634 0.13186087618174078 0.8157739422324235 0.13844923702056075
2 0.6607440821642876 0.14064337243524697 0.6605991917528505 0.13460963960431943 0.7165581374434374 0.1338537721957541 0.7167030278548746 0.13988750502668162
0 0.8794618004033746 0.07637008321601516 0.9105457640983139 0.07637008321601516 0.9105457640983139 0.11777070727522337 0.8794618004033746 0.11777070727522337
