4 0.07464363333679558 0.880096728334506 0.0713468397170039 0.812005663881381 0.41581669381164194 0.8026240968608065 0.4191134874314336 0.8707151613139315
1 0.23736177603693015 0.8796049622805496 0.2387406009067218 0.8014284486086747 0.3235204668016115 0.8022695494382002 0.3221416419318198 0.8804460631100752
1 0.32407206083444223 0.8794196217451362 0.3239305114290888 0.7991738633615175 0.41565689091466074 0.7990828505056697 0.4157984403200142 0.8793286088892883
1 0.15351318135784098 0.8802072948087977 0.15466597463923346 0.8043526195519319 0.23794051136337066 0.805064494705881 0.23678771808197818 0.8809191699627468
1 0.06765377552212233 0.883380790299849 0.07216820274205885 0.8068596797696512 0.15828099566288903 0.8097173465975345 0.15376656844295253 0.8862384571277322
0 0.35739318898418015 0.847986351188685 0.35658532765605516 0.81128395861056 0.38007385203144495 0.8109931409988149 0.38088171335956994 0.8476955335769399
2 0.17965685652568758 0.8092252875063557 0.17958840468647574 0.8061525944113497 0.22215779385135184 0.8056191540377249 0.2222262456905637 0.8086918471327309
2 0.26153023088509164 0.8062401596369821 0.26142628498164105 0.8024618774726834 0.3073525474072698 0.8017511606096497 0.3074564933107204 0.8055294427739486
2 0.34649466357676667 0.8030761423860067 0.34639230558160256 0.7994140368863578 0.39378490321863546 0.798668920765285 0.39388726121379963 0.8023310262649337
2 0.10089585788144181 0.8116118013065986 0.1010731939830665 0.8068850964869376 0.14465827653302268 0.8078049084953774 0.14448094043139798 0.8125316133150385
