1 0.3942043948161443 0.7466143801950283 0.39239345608295845 0.6894038237325826 0.4697639025187412 0.6880262171309084 0.47157484125192706 0.7452367735933542
1 0.590020745042526 0.740811814846164 0.5884691059852554 0.6863048546243359 0.6655949296167287 0.6850698713326913 0.6671465686739992 0.7395768315545194
1 0.2936449376485838 0.747646876986037 0.2947232254090004 0.6909897724938495 0.3723819992003745 0.6918211405920879 0.37130371143995783 0.7484782450842754
1 0.5938535637767971 0.801189393408693 0.591654712354227 0.742397553202872 0.6690122084235184 0.740770117791399 0.6712110598460885 0.7995619579972201
1 0.39281951167057483 0.6886019962432829 0.3910811359349916 0.6299003691813744 0.46798211742787577 0.6286193727437043 0.469720493163459 0.6873209998056128
4 0.10058973182879533 0.875872880229929 0.10519052664409177 0.6354224758290573 0.17724387648741913 0.6361979798547444 0.1726430816721227 0.8766483842556161
1 0.2954995528228266 0.6898420391540457 0.2951149677629018 0.6310665025209317 0.3718632817631318 0.6307840228643566 0.37224786682305666 0.6895595594974708
4 0.5015060653208361 0.8661865710697816 0.49126645765979043 0.6276774417764531 0.5650251393617719 0.6258962364615461 0.5752647470228176 0.8644053657548746
1 0.1977346546614633 0.6925728845776926 0.19677459703649575 0.6341699749124121 0.2735794475598574 0.6334597858297765 0.27453950518482495 0.691862695495057
1 0.2934657832207573 0.8077427619467243 0.29398262892388227 0.7488772834310995 0.373374343416383 0.7492693844211502 0.372857497713258 0.8081348629367751
1 0.19611960144705506 0.7512144403999668 0.19565406929419338 0.6946138672836514 0.27402687004228066 0.6942512765117703 0.2744924021951423 0.7508518496280857
4 0.6029955893261538 0.865161367929256 0.5862271344820628 0.6258161675227168 0.6581984434226171 0.6229798800240774 0.6749668982667082 0.8623250804306167
4 0.19872993986792908 0.8733267433729902 0.1977710368731373 0.6351278908339278 0.2704555290433708 0.6349633024059542 0.27141443203816257 0.8731621549450166
1 0.6895329001287803 0.7391748448785352 0.685612740080602 0.6856290759253767 0.761628563906755 0.6824986374556723 0.7655487239549333 0.736044406408831
1 0.5988811279579399 0.8647624891900303 0.5950856364214815 0.8031026991509679 0.6739326584540473 0.8003726289935265 0.6777281499905057 0.8620324190325888
1 0.587953509406138 0.6836212012492757 0.5836721732121821 0.625737107139281 0.6587343408726697 0.6226141665658756 0.6630156770666256 0.6804982606758704
1 0.1952920687144394 0.8113979686449876 0.19595006838891849 0.7520293163012377 0.2742197741877773 0.7525172768558996 0.2735617745132982 0.8118859291996496
3 0.6934742949646872 0.8109005088534019 0.6907805840345157 0.7416461261202187 0.7443828557397374 0.7404733653005389 0.7470765666699088 0.809727748033722
4 0.7038422536933577 0.8605518214839728 0.6838086135451403 0.6235029857258071 0.7549275566699671 0.6201221048970882 0.7749611968181845 0.857170940655254
1 0.10006160103999916 0.7527955457489461 0.09829540671616471 0.6976568740942635 0.17626007317710646 0.6962521127839665 0.17802626750094092 0.7513907844386492
1 0.39602917181214986 0.8078764777229549 0.3923119680361082 0.7488687872932677 0.47140399377900977 0.7460661752826035 0.47512119755505144 0.8050738657122908
3 0.6822839847953032 0.6864932173391004 0.6766188280574582 0.6238056532204421 0.7139043443528588 0.6219102866199132 0.7195695010907037 0.6845978507385715
3 0.4991261915867753 0.8842133111903198 0.4941005104804097 0.8068825407140172 0.5403777794738737 0.805190803748399 0.5454034605802393 0.8825215742247017
3 0.02280321985975688 0.8262446426401081 0.022949928620896946 0.7565772691484834 0.10259354573517437 0.7566716100701422 0.1024468369740343 0.8263389835617668
3 0.023923468636521613 0.7012292324207783 0.02404299143069223 0.6384195394772799 0.10524095602401876 0.6385064538773402 0.10512143322984813 0.7013161468208385
1 0.4952711555868443 0.8061976651010483 0.4941683723837193 0.7453876065072984 0.5730874834027029 0.7445825628512311 0.5741902666058278 0.805392621444981
2 0.09986101590351878 0.6835844144016654 0.09916053454154053 0.6533307841454918 0.10586560834755127 0.6532434578214932 0.10656608970952952 0.6834970880776667
4 0.4848320329718953 0.17280835379676965 0.4186131202114786 0.011773792639543075 0.5203500959343546 -0.011758503332902443 0.5865690086947712 0.14927605782432413
2 0.39377986215330263 0.7339562691576887 0.3933583543747381 0.7025038564989089 0.3964836014030675 0.7024802974091818 0.396905109181632 0.7339327100679617
4 0.2982771677295845 0.8712838824124741 0.29839306488800504 0.6312887201447459 0.37284118489442936 0.631308943190414 0.37272528773600877 0.8713041054581422
0 0.21090770251616395 0.6603979604515564 0.240210487942938 0.6603979604515564 0.240210487942938 0.6722004712484515 0.21090770251616395 0.6722004712484515
0 0.3105492122692598 0.6564553439825125 0.33824306898657663 0.6564553439825125 0.33824306898657663 0.6675493221927136 0.3105492122692598 0.6675493221927136
0 0.4076009772044267 0.6544830811895879 0.4351304786889999 0.6544830811895879 0.4351304786889999 0.6660084918857412 0.4076009772044267 0.6660084918857412
0 0.6030818062568394 0.6498522212054227 0.6295696924536931 0.6498522212054227 0.6295696924536931 0.6608376773185218 0.6030818062568394 0.6608376773185218
1 0.6961242232801258 0.7982636487159128 0.776630487504087 0.7982636487159128 0.776630487504087 0.8601499420397077 0.6961242232801258 0.8601499420397077
2 0.09973017700145673 0.7101602300600593 0.10327706614167591 0.7101602300600593 0.10327706614167591 0.7408303890960721 0.09973017700145673 0.7408303890960721
2 0.09690932315178363 0.7684272568007542 0.10266631264594898 0.7684272568007542 0.10266631264594898 0.7999598583483418 0.09690932315178363 0.7999598583483418
2 0.1955358221079841 0.7664981303324412 0.19905072942215649 0.7664981303324412 0.19905072942215649 0.7981896044314203 0.1955358221079841 0.7981896044314203
2 0.19622352136510507 0.7077571521200491 0.19989125073641545 0.7077571521200491 0.19989125073641545 0.7390474683190406 0.19622352136510507 0.7390474683190406
2 0.19721686473650163 0.6506781137790314 0.20096100513638096 0.6506781137790314 0.20096100513638096 0.6809941893637685 0.19721686473650163 0.6809941893637685
2 0.29509939233334725 0.6478127002076951 0.2984614775903818 0.6478127002076951 0.2984614775903818 0.6781287757924324 0.29509939233334725 0.6781287757924324
2 0.29387681587624376 0.7051782799058465 0.2977737783332611 0.7051782799058465 0.2977737783332611 0.7362966712905579 0.29387681587624376 0.7362966712905579
2 0.29364758279053693 0.7638046415753856 0.29792660039039903 0.7638046415753856 0.29792660039039903 0.7956107322172178 0.29364758279053693 0.7956107322172178
2 0.39443372947300326 0.7614550024468899 0.3983306919300205 0.7614550024468899 0.3983306919300205 0.7933757096315757 0.39443372947300326 0.7933757096315757
2 0.39237063170164116 0.6452911362649192 0.3955798949015377 0.6452911362649192 0.3955798949015377 0.6757791366639367 0.39237063170164116 0.6757791366639367
2 0.49463036734110155 0.7586623836095496 0.49855871625299564 0.7586623836095496 0.49855871625299564 0.7906869671304255 0.49463036734110155 0.7906869671304255
2 0.5964258434927924 0.8163066339471263 0.6008665857410207 0.8163066339471263 0.6008665857410207 0.8485874141361693 0.5964258434927924 0.8485874141361693
2 0.5924974945808983 0.7563566135960466 0.5974506301654605 0.7563566135960466 0.5974506301654605 0.7878688037805884 0.5924974945808983 0.7878688037805884
2 0.5888253423371712 0.6974954290846767 0.5937784779217334 0.6974954290846767 0.5937784779217334 0.7285592750999265 0.5888253423371712 0.7285592750999265
2 0.5848115945358882 0.6402354737493505 0.5898501290098392 0.6402354737493505 0.5898501290098392 0.6707869264282663 0.5848115945358882 0.6707869264282663
4 0.3991461371835409 0.8698486088389877 0.3939278675038723 0.629146655127971 0.4686434589543981 0.628235524449791 0.47386172863406667 0.8689374781608078
