1 0.6363768032354175 0.6337638223824261 0.6353129960719885 0.5089980029329436 0.8228838019918134 0.5080983913091367 0.8239476091552423 0.6328642107586193
4 0.42342779688651916 0.9128829156285282 0.41402378321817823 0.37316895944937856 0.5818744890233353 0.37152384808737315 0.5912785026916763 0.9112378042665228
1 0.41279339254592967 0.7693641094122127 0.41186287197783455 0.639039094545242 0.5936948240338842 0.6383088119976628 0.5946253446019792 0.7686338268646336
1 0.4121225624992187 0.6344969807935216 0.4097674496629275 0.5090680578975406 0.5892116032500551 0.5071728106841307 0.5915667160863463 0.6326017335801115
4 0.19799658748978902 0.9088364099298709 0.19255034081435127 0.3774591891398187 0.35579059516818423 0.37651807095671647 0.36123684184362204 0.9078952917467686
1 0.6415863139586149 0.7708059306774451 0.6379166711767814 0.6389639959035021 0.8261597036289632 0.6360167819830614 0.8298293464107968 0.7678587167570045
1 0.4106272012459025 0.5047806640037821 0.4100843938352189 0.37270536320660164 0.5875043014605373 0.3722952072384129 0.5880471088712209 0.5043705080355934
1 0.18874492979463894 0.6369788282545162 0.1858023614002463 0.5120967798540331 0.3622851450852814 0.5097576656595305 0.36522771347967403 0.6346397140600136
1 0.6383012221210594 0.5033775348866693 0.6350762077219028 0.36997465303832233 0.8191554488189983 0.3674714631924175 0.8223804632181548 0.5008743450407644
4 0.6564205769037766 0.9136238338996049 0.6400062907345785 0.3707462684131343 0.8109496779603905 0.367838934341031 0.8273639641295887 0.9107164998275016
1 0.18870073396006384 0.5070186634779396 0.18741742495959132 0.37637242037419893 0.3636496270147 0.3753986823951735 0.3649329360151725 0.5060449254989141
0 0.2228380737489089 0.4560386296261816 0.22292763266817975 0.4287075749386816 0.2866772257302578 0.4288250788699122 0.2865876668109869 0.4561561335574122
3 0.034401409452499705 0.8044545194517048 0.03259723245650243 0.6434455628682634 0.19439570328486547 0.6424257369501695 0.19619988028086274 0.803434693533611
0 0.44732666024006235 0.4549781831421847 0.44644759122964567 0.4292494844117159 0.509519124265146 0.42803732130252053 0.5103981932755627 0.45376602003298927
0 0.6804620854437811 0.44913649362349145 0.6788496179958644 0.4245930976273977 0.7421480468145611 0.4222538739113827 0.7437605142624778 0.4467972699074764
2 0.409574275911347 0.4763334015216699 0.410323217678326 0.40808797182675344 0.4166060565377582 0.40812675585606734 0.4158571147707791 0.4763721855509838
0 0.9155987155447864 0.44773570296937426 0.9141048233256537 0.42210764091017006 0.9804084355086515 0.4199336225162757 0.9819023277277844 0.4455616845754799
2 0.6369199359012861 0.605159997326233 0.6361619226865144 0.53569942935244 0.6460190436144496 0.5356389215948838 0.6467770568292214 0.6050994895686768
2 0.18570530940971913 0.7402031489453311 0.18273446483103462 0.6693118178536921 0.19526985353582746 0.6690163248972395 0.19824069811451198 0.7399076559888785
2 0.6410522722329679 0.7407492492183785 0.6406138287581757 0.6680756197152504 0.6484369956792945 0.6680490710993615 0.6488754391540865 0.7407227006024896
2 0.41299374440168224 0.7410207304150205 0.41021019418976046 0.6689160695280882 0.42028245406894077 0.6686973512034099 0.4230660042808625 0.7408020120903421
2 0.18810174215243344 0.4113092781961631 0.19659244579125862 0.4113092781961631 0.19659244579125862 0.47923490730676394 0.18810174215243344 0.47923490730676394
2 0.18788403180271995 0.5398128121145356 0.1957216043924047 0.5398128121145356 0.1957216043924047 0.6082282895119919 0.18788403180271995 0.6082282895119919
2 0.41038400920988055 0.5375268534425436 0.41778616110013855 0.5375268534425436 0.41778616110013855 0.6070853101759957 0.41038400920988055 0.6070853101759957
2 0.6365850625621705 0.40526781599161443 0.6444226351518554 0.40526781599161443 0.6444226351518554 0.474173141675926 0.6365850625621705 0.474173141675926
2 0.879549812842397 0.6683163460329081 0.8891290682297893 0.6683163460329081 0.8891290682297893 0.7399974786760662 0.879549812842397 0.7399974786760662
2 0.8749778954984142 0.5334447843854166 0.8860811233338008 0.5334447843854166 0.8860811233338008 0.6044727859794344 0.8749778954984142 0.6044727859794344
2 0.870188267804718 0.4006958986476316 0.8815092059898182 0.4006958986476316 0.8815092059898182 0.47041763814336873 0.870188267804718 0.47041763814336873
