1 0.7179067443852193 0.7752390712246495 0.7831214253748026 0.7380333827480869 0.8314062438960308 0.7856402012362882 0.7661915629064474 0.8228458897128508
1 0.6292096012220121 0.8946450434615272 0.585279439572111 0.8469092631809344 0.6507351212714829 0.8130257329056603 0.6946652829213839 0.8607615131862529
1 0.5248297198561093 0.8831738844591799 0.5877492348300676 0.8459312086779299 0.6352276531907658 0.8910506028455075 0.5723081382168075 0.9282932786267576
3 0.6343766285972349 0.5409385441067773 0.6297154780295589 0.510386790279504 0.7235987768246729 0.502329892495637 0.7282599273923489 0.5328816463229105
1 0.6503514204214842 0.8084136070124279 0.7179734907339842 0.773689241778053 0.7641178767790029 0.8242362605453855 0.6964958064665029 0.8589606257797604
3 0.7224658292267722 0.5487511676558817 0.7192506599559387 0.5238563922652568 0.8230610262419781 0.5163148723831807 0.8262761955128114 0.5412096477738058
3 0.5495929105392726 0.5602214702351871 0.5462598440122359 0.5412351783289726 0.6365501201172233 0.53231923424152 0.6398831866442599 0.5513055261477343
4 0.5477870949152158 0.544924941240364 0.5377228334282009 0.48605269684609154 0.8855260410332897 0.45260798727796697 0.8955903025203046 0.5114802316722394
3 0.8104463728606209 0.5341485650186099 0.8069095068436332 0.513997783829047 0.9188304007324076 0.5029478311554996 0.9223672667493953 0.5230986123450624
2 0.8233081600924836 0.5194899661788823 0.8229936529684933 0.5166382320339997 0.8683003539402252 0.513827584295957 0.8686148610642157 0.5166793184408396
2 0.7154107480348664 0.8499888104411979 0.7124666653511298 0.8466033683180183 0.7478022251008121 0.8293183791617627 0.7507463077845486 0.8327038212849422
2 0.6517079318750099 0.8840078992573405 0.6484713784035557 0.8800788406716903 0.6839560202197131 0.8636367425941831 0.6871925736911672 0.8675658011798333
4 0.5275575267010904 0.8842774437674099 0.779212461806011 0.7386004683469836 0.8285156378443305 0.7865089005886079 0.5768607027394099 0.9321858760090341
2 0.7780386512100534 0.8132575638964314 0.81022473889731 0.7911554901998736 0.8156085248311347 0.795565560146281 0.7834224371438782 0.8176676338428388
0 0.5644065001120447 0.8882149261048151 0.5806424720294312 0.8788703242911454 0.60289536495124 0.90061868343655 0.5866593930338535 0.9099632852502199
2 0.5872447128533059 0.9148332358363989 0.6177486605545058 0.894155155430703 0.6232812323941369 0.8987460298876253 0.592777284692937 0.9194241102933213
2 0.7374708695336649 0.5280176447651829 0.7371563624096745 0.5251659106203004 0.7824630633814065 0.5223552628822575 0.7827775705053969 0.5252069970271401
