1 0.08491376500683512 0.8783601342322227 0.07758848831412678 0.8027185326697227 0.18680241134407635 0.7967692602990273 0.1941276880367847 0.8724108618615274
1 0.08688700477216385 0.9607283315920889 0.07980896115237218 0.8788065786624014 0.18963948702878017 0.8734688119625987 0.19671753064857184 0.9553905648922862
1 0.08094559889162731 0.8015814408481748 0.07490539706871062 0.7243823441684873 0.18185742031410185 0.7196752730190129 0.18789762213701852 0.7968743696987004
2 0.0842808461766789 0.9430354352834465 0.08015334086820672 0.8967907548560052 0.0874836126192454 0.8964227373651721 0.09161111792771758 0.9426674177926133
2 0.0806538666652601 0.8617506278888167 0.077515642381406 0.81741285933413 0.0846458615005669 0.8171289788417399 0.087784085784421 0.8614667473964266
4 0.09295928791487165 0.9564438400315108 0.0781081323159133 0.6456480636643234 0.17208548900163226 0.643122077937239 0.1869366446005906 0.9539178543044264
2 0.07939255981331027 0.7856221402028452 0.07548350219612279 0.7417771694997204 0.08030186392240092 0.7415355265020205 0.0842109215395884 0.7853804972051452
1 0.07870375665354094 0.7230713790957016 0.0747931528123951 0.6440867599550767 0.18083237615895906 0.641133576958986 0.1847429800001049 0.7201181960996109
0 0.09241892695233776 0.6960293811627326 0.09008416946535859 0.6743792346783577 0.141700031209852 0.6712482088742242 0.14403478869683117 0.6928983553585992
2 0.0759099379009098 0.7078753258662089 0.07368960098684722 0.6657545983271465 0.07913013171393178 0.6655932788485891 0.08135046862799435 0.7077140063876516
