4 0.10201626844284065 0.2849316686347622 0.18253037140147077 0.2935472119788851 0.13906585448315129 0.5220264126940884 0.058551751524521176 0.5134108693499655
4 0.6948967394331725 0.3134100411952646 0.7671151674749457 0.3078758618916859 0.7963806270320782 0.5226948567551759 0.7241621989903051 0.5282290360587546
4 0.601679369252792 0.3082902741913697 0.674068356277148 0.30419715949457543 0.695680793529583 0.5192003264212944 0.6232918065052269 0.5232934411180887
4 0.5051357230117117 0.3049724631243454 0.5808897910030726 0.30301730771546015 0.5907047387785773 0.5169293310143693 0.5149506707872165 0.5188844864232547
4 0.4078527088226684 0.300745944717679 0.4879744086192173 0.30191179443878086 0.48242935952584004 0.5162677249768987 0.4023076597292911 0.5151018752557968
4 0.2985615590084425 0.2974019808009591 0.3802099511090433 0.2989974696942057 0.3726532950804573 0.516520894372469 0.29100490297985654 0.5149254054792224
4 0.20681836507846993 0.2918501349610538 0.27916828541282873 0.2963149112499394 0.255593403070715 0.5112020458571584 0.1832434827363562 0.5067372695682727
3 0.7728572281760449 0.3431528076504447 0.8520935511750781 0.3431528076504447 0.8520935511750781 0.4120217612851186 0.7728572281760449 0.4120217612851186
3 0.790882177224007 0.45236905431808067 0.8812263959705618 0.45236905431808067 0.8812263959705618 0.5234595871022603 0.790882177224007 0.5234595871022603
3 0.33451613175276246 0.2684500704783804 0.3837981625526298 0.2684500704783804 0.3837981625526298 0.34842136591270945 0.33451613175276246 0.34842136591270945
3 0.11827687391967784 0.31381193973735216 0.17338314472316468 0.31381193973735216 0.17338314472316468 0.394791276710768 0.11827687391967784 0.394791276710768
3 0.10618037545061978 0.4300977233442859 0.1594945724068386 0.4300977233442859 0.1594945724068386 0.509733004932248 0.10618037545061978 0.509733004932248
1 0.7067673599013434 0.4139424145637134 0.7890731031672458 0.4139424145637134 0.7890731031672458 0.4641190303955096 0.7067673599013434 0.4641190303955096
1 0.6036011926685662 0.35873939848588443 0.6835780420507678 0.35873939848588443 0.6835780420507678 0.40844723195607313 0.6036011926685662 0.40844723195607313
1 0.6090829501561226 0.409603655690095 0.690911115496246 0.409603655690095 0.690911115496246 0.4606999761287203 0.6090829501561226 0.4606999761287203
1 0.6131558452635493 0.4623661604908562 0.6972055897531785 0.4623661604908562 0.6972055897531785 0.5184610340158731 0.6131558452635493 0.5184610340158731
1 0.5091118884283706 0.467087016183555 0.5927913697264148 0.467087016183555 0.5927913697264148 0.5162394548663672 0.5091118884283706 0.5162394548663672
1 0.5077863462024947 0.4070071850591097 0.5904920353066728 0.4070071850591097 0.5904920353066728 0.4589282667569896 0.5077863462024947 0.4589282667569896
1 0.5066551921522078 0.3557025915752166 0.5850584229701767 0.3557025915752166 0.5850584229701767 0.40644068237598785 0.5066551921522078 0.40644068237598785
1 0.4036109459343055 0.3526784669579525 0.4842542690613592 0.3526784669579525 0.4842542690613592 0.40207250237327274 0.4036109459343055 0.40207250237327274
1 0.40226689054885256 0.40140047468054696 0.485150305984991 0.40140047468054696 0.485150305984991 0.45583471779130463 0.40226689054885256 0.45583471779130463
1 0.40092283516340255 0.4585228285622096 0.48604634290862586 0.4585228285622096 0.48604634290862586 0.5163172101365961 0.40092283516340255 0.5163172101365961
1 0.2969825520218587 0.3496543423406756 0.3816580413052643 0.3496543423406756 0.3816580413052643 0.39636026698510585 0.2969825520218587 0.39636026698510585
1 0.19762094350746343 0.2925655898436649 0.2818932161752346 0.2925655898436649 0.2818932161752346 0.34579018310751847 0.19762094350746343 0.34579018310751847
1 0.19022863888748381 0.34579018310751897 0.27696501309524846 0.34579018310751897 0.27696501309524846 0.3971667002163808 0.19022863888748381 0.3971667002163808
1 0.1828363342675036 0.3986451611403748 0.27252963032326016 0.3986451611403748 0.27252963032326016 0.4518697544042307 0.1828363342675036 0.4518697544042307
1 0.17445838903152613 0.4551962914832216 0.2680942475512719 0.4551962914832216 0.2680942475512719 0.5132258827500635 0.17445838903152613 0.5132258827500635
1 0.0698242382326457 0.39794191825766956 0.16134684531846347 0.39794191825766956 0.16134684531846347 0.44884962979780657 0.0698242382326457 0.44884962979780657
1 0.09096623865368576 0.2912588742214361 0.17720334563424398 0.2912588742214361 0.17720334563424398 0.3396629278169749 0.09096623865368576 0.3396629278169749
2 0.1709093139153468 0.305023918875942 0.1768625463127365 0.305023918875942 0.1768625463127365 0.33326941823964473 0.1709093139153468 0.33326941823964473
2 0.15504287852332427 0.40999652684632 0.1624197099722637 0.40999652684632 0.1624197099722637 0.4389214712118984 0.15504287852332427 0.4389214712118984
2 0.2629611431990676 0.4678281646134917 0.26761422990035383 0.4678281646134917 0.26761422990035383 0.4956220485702812 0.2629611431990676 0.4956220485702812
2 0.26705394032024393 0.41179817306382366 0.27287029869685164 0.41179817306382366 0.27287029869685164 0.44133696453359544 0.26705394032024393 0.44133696453359544
2 0.27237175369314237 0.35857849391786334 0.27785574873394386 0.35857849391786334 0.27785574873394386 0.38699555912928946 0.27237175369314237 0.38699555912928946
2 0.2771910220623316 0.3078515397904492 0.2820102904315208 0.3078515397904492 0.2820102904315208 0.3351468787435296 0.2771910220623316 0.3351468787435296
2 0.3775647494757898 0.36132049143826417 0.38138692783756045 0.36132049143826417 0.38138692783756045 0.3899868291515448 0.3775647494757898 0.3899868291515448
2 0.4830901085942417 0.47112502850521965 0.48624756028440047 0.47112502850521965 0.48624756028440047 0.5020348187351937 0.4830901085942417 0.5020348187351937
2 0.4820930185868248 0.41628507809720644 0.4850842886090802 0.41628507809720644 0.4850842886090802 0.44619777831976015 0.4820930185868248 0.44619777831976015
2 0.4810959285794063 0.36443639771144654 0.48441956193746744 0.36443639771144654 0.48441956193746744 0.392604190421018 0.4810959285794063 0.392604190421018
2 0.5806387476533493 0.3680508489883387 0.5854580160225386 0.3680508489883387 0.5854580160225386 0.39634327794883745 0.5806387476533493 0.39634327794883745
2 0.5842947443472168 0.41952562062131654 0.5906096477275339 0.41952562062131654 0.5906096477275339 0.44893977584016115 0.5842947443472168 0.44893977584016115
2 0.5874521960373753 0.47386702602562264 0.5927700094102737 0.47386702602562264 0.5927700094102737 0.5049014525065222 0.5874521960373753 0.5049014525065222
2 0.6781873867124546 0.3710421190105939 0.6843361084248683 0.3710421190105939 0.6843361084248683 0.39871136671645635 0.6781873867124546 0.39871136671645635
2 0.6844795276311498 0.42187300860767496 0.6913760468012372 0.42187300860767496 0.6913760468012372 0.4509676988564803 0.6844795276311498 0.4509676988564803
2 0.6909450143531068 0.47553654839991594 0.697841533523194 0.47553654839991594 0.697841533523194 0.5059243359931125 0.6909450143531068 0.5059243359931125
2 0.7814618284605008 0.42575230064084935 0.7896514449749794 0.42575230064084935 0.7896514449749794 0.45420044221745887 0.7814618284605008 0.45420044221745887
2 0.7724101470497614 0.3755156232909165 0.7810307960123704 0.3755156232909165 0.7810307960123704 0.40247654844180514 0.7724101470497614 0.40247654844180514
2 0.7892382862886866 0.47957536631809355 0.7998955166513108 0.47957536631809355 0.7998955166513108 0.5092849094516358 0.7892382862886866 0.5092849094516358
0 0.21468656101027925 0.475482645330028 0.24617599156308761 0.475482645330028 0.24617599156308761 0.4861859493110327 0.21468656101027925 0.4861859493110327
0 0.4385252225260556 0.47815847132527994 0.46923905134111005 0.47815847132527994 0.46923905134111005 0.48955981687026234 0.4385252225260556 0.48955981687026234
0 0.5460236233787461 0.48153233888450936 0.5751862487182928 0.48153233888450936 0.5751862487182928 0.4929336844294918 0.5460236233787461 0.4929336844294918
0 0.651350339365726 0.48223038044848787 0.6811334460954757 0.48223038044848787 0.6811334460954757 0.4935153857328072 0.651350339365726 0.4935153857328072
