4 0.31095036790602204 0.2820053039466179 0.9049085399234944 0.2876800635517413 0.9031346377642288 0.3921185531810626 0.30917646574675645 0.38644379357593917
0 0.8178018606408373 0.2128338773656498 0.8687310897888929 0.2128338773656498 0.8687310897888929 0.2639202954925626 0.8178018606408373 0.2639202954925626
3 0.7591524386839948 0.17133245122672836 0.9480686274836129 0.17133245122672836 0.9480686274836129 0.28686196668495445 0.7591524386839948 0.28686196668495445
3 0.6132166851401041 0.20792575245487638 0.7954824749916061 0.20792575245487638 0.7954824749916061 0.2855956086680507 0.6132166851401041 0.2855956086680507
3 0.46563429116172655 0.2397227388819908 0.6297901090628095 0.2397227388819908 0.6297901090628095 0.2844117926735719 0.46563429116172655 0.2844117926735719
3 0.28729123526955086 0.19340548373923105 0.4612621310556648 0.19340548373923105 0.4612621310556648 0.28356736652725945 0.28729123526955086 0.28356736652725945
2 0.35018712143243313 0.2735569322681226 0.4283870165200334 0.2735569322681226 0.4283870165200334 0.2834746196925538 0.35018712143243313 0.2834746196925538
2 0.4957857193063075 0.28022084292315114 0.5756672942838849 0.28022084292315114 0.5756672942838849 0.28422581956766135 0.4957857193063075 0.28422581956766135
2 0.6435207370294603 0.2772424648607871 0.7206778380992076 0.2772424648607871 0.7206778380992076 0.285579355018747 0.6435207370294603 0.285579355018747
2 0.7880268331007655 0.278550212336545 0.8646390393889463 0.278550212336545 0.8646390393889463 0.2875409762323841 0.7880268331007655 0.2875409762323841
