4 0.050394057429560914 0.24983982758735937 0.04714973245769076 0.22137424305877743 0.2660980193916364 0.20733743628950851 0.2693423443635066 0.23580302081809043
3 0.1529926559936259 0.21611929643643638 0.14586608142147292 0.17490710629512735 0.20472191526755454 0.16918221581483275 0.21184848983970755 0.21039440595614178
3 0.04530980240219972 0.22324304511683773 0.037322706078212455 0.17614857850053958 0.10017252564921778 0.17015279970961095 0.10815962197320503 0.21724726632590913
3 0.2088323976044867 0.21205557374910552 0.20450335240135947 0.1746805524075877 0.26438121351125154 0.17077934107886303 0.2687102587143788 0.20815436242038085
0 0.22837280292350942 0.2017026585337973 0.22671098260797687 0.18497266652645986 0.2439473896309507 0.1840095970951317 0.24560920994648325 0.20073958910246914
2 0.11904631590774646 0.2170789183793713 0.11875449965907212 0.2146158612480908 0.14940390200170126 0.21257327914759502 0.14969571825037561 0.21503633627887553
2 0.06612077341543533 0.2203893424946561 0.0659151035032473 0.2168373993659748 0.09767639965537074 0.2158029112564852 0.09788206956755877 0.21935485438516653
2 0.17086907967909087 0.2135152880821109 0.17061680380264205 0.21104213797134327 0.2033036125669415 0.20916662403567368 0.20355588844339031 0.2116397741464413
2 0.2266858659700354 0.20978379897027982 0.2265074990593705 0.20708855520150063 0.2547436445674102 0.2060374548586662 0.25492201147807514 0.2087326986274454
3 0.08962177420731939 0.19019816902685624 0.16046419879368407 0.19019816902685624 0.16046419879368407 0.21710760293493092 0.08962177420731939 0.21710760293493092
