1 0.11095989963196227 0.3410387099231245 0.11242901584289977 0.2669572279895308 0.21520432562845437 0.26810368509640675 0.21373520941751686 0.3421851670300005
1 0.10983493503557762 0.19797725863452015 0.11326433770484842 0.12882882113452018 0.2149400895516508 0.13166527699537375 0.21151068688238 0.20081371449537372
1 0.10933269758800611 0.2664928271895305 0.11150021874686028 0.19840222050007736 0.21356361385405118 0.20022976802531328 0.21139609269519702 0.2683203747147664
1 0.10994313992783318 0.1276187315263032 0.11600287300074984 0.056902644184994654 0.21634512823525734 0.06173926070823344 0.21028539516234065 0.13245534804954198
4 0.11748990893620215 0.3399211584749077 0.11470466917782968 0.059234273977530165 0.2028652525098527 0.05874219201306729 0.20565049226822518 0.3394290765104448
0 0.12151750349955207 0.09790080391298453 0.12374386254903123 0.07927588020692984 0.17524299454732292 0.08273864616025765 0.17301663549784374 0.10136356986631234
2 0.11068789178892238 0.18240578945775557 0.11144454462095359 0.1441388522018968 0.11654189227523529 0.14419554654650496 0.11578523944320407 0.18246248380236374
2 0.1121005325297956 0.2511089106317833 0.11167388730005308 0.21311131835689892 0.11603355935490166 0.21308378322479127 0.11646020458464418 0.2510813754996757
2 0.10929927705662985 0.11247595236860913 0.11094690075454647 0.07400541709028938 0.11750738457087147 0.07416346479606337 0.11585976087295485 0.11263400007438312
2 0.11074874064408631 0.3201798479672286 0.11195170517530403 0.2811143929272599 0.11579136141306812 0.2811809010678159 0.11458839688185041 0.32024635610778457
