4 0.7078716960883747 0.43025077141597123 0.7068488249236875 0.03784352650366958 0.8241115876433296 0.0376715906031967 0.8251344588080167 0.43007883551549836
3 0.8259555663689695 0.33505421307999034 0.8262329101189695 0.2319270768495216 0.9396705729539473 0.23209867998641576 0.9393932292039473 0.33522581621688446
3 0.8255589193175554 0.4293546029552948 0.8259584132484086 0.33272891988436565 0.9429665511757859 0.33300103721596647 0.9425670572449327 0.4296267202868956
2 0.8222746720460635 0.21955961116439457 0.8223117814210635 0.16897254451400395 0.838308293050039 0.1689791452438104 0.8382711836750389 0.21956621189420106
3 0.8265249837327915 0.23946909233539843 0.8266433105557082 0.12405438896625778 0.950025634756792 0.12412554267436726 0.9499073079338753 0.2395402460435079
2 0.8198735727310305 0.4053676739751624 0.8198918018976971 0.35398907290094384 0.8372045504598737 0.3539925281001313 0.8371863212932071 0.4053711291743499
2 0.8227253887848908 0.315702646540316 0.822800909618224 0.2635110571848479 0.8382916068003562 0.2635236655779949 0.8382160859670228 0.315715254933463
2 0.8243162742326543 0.12705870903818492 0.8246802926023071 0.06322358609663428 0.8387795490891613 0.06326881148853887 0.8384155307195085 0.12710393443008952
0 0.8486925457727127 0.3944274518607615 0.8488297528039627 0.3680812604545115 0.9033610024043706 0.3682410051704884 0.9032237953731206 0.3945871965767384
3 0.8251895176197683 0.0 0.963841524144461 0.0 0.963841524144461 0.14117295209788183 0.8251895176197683 0.14117295209788183
