1 0.4099385590826101 0.2787021627932481 0.4061590994471934 0.23110443024930283 0.48127701708926496 0.22774929899874405 0.48505647672468166 0.27534703154268936
1 0.7936657438315051 0.268237768546412 0.7860519743002551 0.21955197753078706 0.8610787541850059 0.2129520931122782 0.8686925237162559 0.2616378841279032
1 0.4100852155734282 0.23204549886608908 0.4061491600212969 0.1832490620615893 0.4802363753426342 0.1798875172327855 0.4841724308947655 0.22868395403728528
1 0.5969221939299328 0.2239227187975651 0.5917145116382662 0.17493214872920573 0.665558757473686 0.17051673733271397 0.6707664397653527 0.21950730740107335
1 0.5029934727904515 0.27355374441495867 0.4999997390664932 0.22763524160734147 0.5759299127482994 0.2248506444821825 0.5789236464722577 0.27076914728979967
1 0.4103599181314248 0.3266559285022616 0.4075653217772581 0.27786466873663657 0.4834914646013625 0.2754184745995195 0.4862860609555291 0.32420973436514455
1 0.6044672236722217 0.32034322699551204 0.6004378454170134 0.27079928168301215 0.6769371611810117 0.2672996081888526 0.68096653943622 0.3168435535013525
1 0.6003235265751368 0.2708843021927604 0.5967100011845118 0.22465554242713542 0.6720247583938345 0.22134406746598595 0.6756382837844594 0.2675728272316109
4 0.5103345518994499 0.37602344817017735 0.50262943040343 0.17871839542680326 0.5757381466749106 0.17711244191689676 0.5834432681709304 0.37441749466027086
1 0.5021839188199362 0.227261083126463 0.4999966655957393 0.178687945622787 0.5732180206642005 0.17683329035618914 0.5754052738883974 0.22540642785986514
1 0.5045807302748466 0.32226046939218117 0.5029462087904716 0.27450161929452493 0.5806081280882076 0.2730065290152449 0.5822426495725826 0.32076537911290115
1 0.800862308464972 0.31446985285591195 0.7956015662774719 0.2660882000238807 0.872649510951455 0.26137571586986147 0.877910253138955 0.3097573687018927
4 0.31642130069215485 0.3840060710190631 0.31632781935667353 0.1858496466004552 0.38749350944913413 0.18583076190685763 0.3875869907846155 0.38398718632546547
4 0.9177030322218286 0.3703552789203169 0.8743862854167259 0.1733041170868001 0.9443173004934703 0.16465704276500487 0.9876340472985728 0.36170820459852165
4 0.4132768100789391 0.37915701330169505 0.40603636691499195 0.18118185178234103 0.47847398611237046 0.17969166352262878 0.48571442927631764 0.3776668250419828
4 0.6104090510713045 0.3744957575508108 0.594743272487673 0.1746893111042653 0.6683276446909683 0.17144404283218193 0.6839934232745997 0.37125048927872745
1 0.3172128866968901 0.2818203447571662 0.3162308717229317 0.23564627249154155 0.39004002855864595 0.23476328875867605 0.39102204353260434 0.28093736102430067
4 0.7113929092015284 0.37168208027840727 0.6891900283479119 0.17263271225597515 0.7639826810776736 0.16793993447801486 0.7861855619312902 0.366989302500447
1 0.8079558949910812 0.3671992447709796 0.8017947621785813 0.3148761246537921 0.8823383758422524 0.30954129477980147 0.8884995086547524 0.361864414896989
1 0.9099776224025939 0.3656192764446046 0.9024838072984273 0.31304762117116713 0.9813039531182396 0.3067277084186766 0.9887977682224062 0.35929936369211407
4 0.9157312827236297 0.36460754472975027 0.8711839194423796 0.16090368730787527 0.9403427732659538 0.1523963615202497 0.9848901365472038 0.3561002189421247
3 0.2548599274714153 0.23205866473428233 0.25691580744505577 0.1661502348352743 0.3230098122836085 0.16730992342727363 0.320953932309968 0.23321835332628169
1 0.70309838798058 0.3134820010460721 0.69548071219933 0.27145642731560354 0.7732801300829304 0.2635239706600532 0.7808978058641804 0.30554954439052173
3 0.9013192460273987 0.30801931116158926 0.8758092467269057 0.2483116908478142 0.9481651267447613 0.23092259341092275 0.9736751260452543 0.2906302137246978
1 0.7844874330460779 0.21625655687436937 0.7785216608591912 0.17047100236657525 0.852341321532213 0.1650605602126502 0.8583070937190997 0.21084611472044432
3 0.8691617466629689 0.21163655720227578 0.8698739321471007 0.13100812748362275 0.9206531907600212 0.13126042547814504 0.9199410052758893 0.21188885519679806
3 0.25192467493453774 0.3269748867989501 0.25719801032629236 0.26104758772533376 0.322688812943847 0.26399419970281995 0.3174154775520924 0.3299214987764363
2 0.3163074841430616 0.2722505408938788 0.3171529983135017 0.24599519523107125 0.32048973013398246 0.24605563836582528 0.31964421596354237 0.27231098402863285
3 0.7093627045337716 0.36633090529893125 0.6918523447684352 0.29852522061278736 0.7560479982004751 0.2892000429658826 0.7735583579658115 0.3570057276520265
2 0.3141226171071956 0.32117658269215466 0.31431206496879344 0.293368806504909 0.31887170392733455 0.29338627986515015 0.3186822560657367 0.3211940560523958
2 0.3169411237149906 0.2258171271120756 0.3165882731259332 0.20033759327936415 0.321895864255411 0.20029624862599626 0.32224871484446843 0.22577578245870775
2 0.87398022623269 0.30635535665559466 0.8691483577431066 0.2766623024563759 0.8740282373089767 0.27621562723112414 0.87886010579856 0.3059086814303429
4 0.8149930841418065 0.3682213345962066 0.781349439365159 0.17000069572749277 0.8533491565365823 0.1631267280678835 0.8869928013132297 0.3613473669365973
2 0.40979520302409683 0.28827249940298266 0.4126397233722934 0.28827249940298266 0.4126397233722934 0.31643325085012924 0.40979520302409683 0.31643325085012924
2 0.4092695876985298 0.24081709267832585 0.4122278888606542 0.24081709267832585 0.4122278888606542 0.2673564675270004 0.4092695876985298 0.2673564675270004
2 0.4087006836288904 0.19482119864798658 0.41188654641887057 0.19482119864798658 0.41188654641887057 0.2207632242235398 0.4087006836288904 0.2207632242235398
2 0.5009769237243887 0.19140777423015065 0.5047316905840085 0.19140777423015065 0.5047316905840085 0.21734979980570382 0.5009769237243887 0.21734979980570382
2 0.5015458277940281 0.2374890038709366 0.5058694987232869 0.2374890038709366 0.5058694987232869 0.2640283787196111 0.5015458277940281 0.2640283787196111
2 0.5045041289561525 0.2854476169415308 0.5081451150018442 0.2854476169415308 0.5081451150018442 0.3127550122842184 0.5045041289561525 0.3127550122842184
2 0.6007626975391263 0.2808394939774524 0.6058828341658801 0.2808394939774524 0.6058828341658801 0.3085735673723694 0.6007626975391263 0.3085735673723694
2 0.5973492731212903 0.23305155212774908 0.6024694097480442 0.23305155212774908 0.6024694097480442 0.25984693380776125 0.5973492731212903 0.25984693380776125
2 0.5939358487034544 0.18688498687651797 0.5980319580048575 0.18688498687651797 0.5980319580048575 0.21248567001028756 0.5939358487034544 0.21248567001028756
2 0.6985004167031622 0.2781087544431836 0.7065788544920404 0.2781087544431836 0.7065788544920404 0.30422145123962857 0.6985004167031622 0.30422145123962857
2 0.7038481149577717 0.32675005239734584 0.710219840537732 0.32675005239734584 0.710219840537732 0.355252146286276 0.7038481149577717 0.355252146286276
2 0.795592960929318 0.27505536639809125 0.8037626452939037 0.27505536639809125 0.8037626452939037 0.302502148458566 0.795592960929318 0.302502148458566
2 0.8036507318094568 0.32457708326561446 0.8118204161740425 0.32457708326561446 0.8118204161740425 0.3520238653260893 0.8036507318094568 0.3520238653260893
2 0.7874232765647318 0.22696054645725922 0.7953691339604247 0.22696054645725922 0.7953691339604247 0.253232236931047 0.7874232765647318 0.253232236931047
2 0.7799250731068242 0.18129984480313607 0.7877590170180709 0.18129984480313607 0.7877590170180709 0.20698398948358038 0.7799250731068242 0.20698398948358038
2 0.882885478797494 0.22477823351055481 0.8919504710376508 0.22477823351055481 0.8919504710376508 0.2515535346643513 0.882885478797494 0.2515535346643513
2 0.9035894734200743 0.3218911596389013 0.9133259465669095 0.3218911596389013 0.9133259465669095 0.3500933577193892 0.9035894734200743 0.3500933577193892
0 0.7986146250093697 0.18583234092321452 0.8259215152142867 0.18583234092321452 0.8259215152142867 0.19481339805003653 0.7986146250093697 0.19481339805003653
0 0.610040403717219 0.19103631794997125 0.6366758130154575 0.19103631794997125 0.6366758130154575 0.20018524530346277 0.610040403717219 0.20018524530346277
0 0.517040298142277 0.19489733316337132 0.5437876209249619 0.19489733316337132 0.5437876209249619 0.2038783902901933 0.517040298142277 0.2038783902901933
0 0.42370445211399577 0.19934589417011492 0.4495564670211096 0.19934589417011492 0.4495564670211096 0.20866269175027607 0.42370445211399577 0.20866269175027607
1 0.8823376084165803 0.21509128685035847 0.962775922219823 0.21509128685035847 0.962775922219823 0.2593705724178214 0.8823376084165803 0.2593705724178214
