1 0.7817037760741699 0.8314870474591772 0.7819020182616699 0.7516695425763648 0.9000524088216635 0.7518346078142603 0.8998541666341634 0.8316521126970727
1 0.7623485514696096 0.6707123055857066 0.7622287598029428 0.589480982343519 0.8794817438599345 0.5893837189293034 0.8796015355266014 0.670615042171491
1 0.7720013020924593 0.7508247476324857 0.7720367838632927 0.6714320474371732 0.8887390950429576 0.6714613851800145 0.8887036132721243 0.750854085375327
1 0.7891098378233381 0.923116155490072 0.7895616861990249 0.8333333127678303 0.9121118175648532 0.8336802378352138 0.9116599691891664 0.9234630805574554
0 0.8362773436771401 0.8894852699878002 0.8363147785729734 0.8686633705737377 0.8898284505936934 0.8687174888012623 0.8897910156978601 0.8895393882153249
4 0.8058543888587625 0.9306640623816205 0.7631763280778099 0.5925497204614812 0.8669089444538176 0.5851846154474329 0.9095870052347703 0.9232989573675723
2 0.8689744243349231 0.6530301293583356 0.8688789554439158 0.6087238167812905 0.8791611903304849 0.6087113542483841 0.8792566592214921 0.6530176668254292
2 0.878919491650036 0.7328532782320232 0.8784821544104525 0.688903693271086 0.8897424394216574 0.6888406652616735 0.8901797766612409 0.7327902502226107
2 0.9002533557885599 0.9020887498026314 0.900008334262499 0.8538078374200107 0.9113664709742523 0.8537754140322307 0.9116114925003131 0.9020563264148515
2 0.8892174791843535 0.8164539848969128 0.8889401354343535 0.7704202934906632 0.8999416554760996 0.7703830098938863 0.9002189992260996 0.8164167013001359
