1 0.11047901727020294 0.5136257442058095 0.11024032911916125 0.42654316363940337 0.24475927737326947 0.4263357651638199 0.24499796552431113 0.5134183457302259
1 0.07414068348873977 0.22935929959555437 0.07457028960853143 0.11303068631430437 0.22727966054609097 0.11334791475991433 0.2268500544262993 0.22967652804116434
2 0.07256955415510183 0.2030573410386727 0.07254201034999314 0.143827317701935 0.08689302894225885 0.14382356376228103 0.08692057274736753 0.20305358709901875
1 0.086580812090895 0.3323781344926134 0.08664111482526994 0.23240566134808227 0.23319694518808046 0.23245538719591027 0.23313664245370555 0.3324278603404414
2 0.0994737700341596 0.402476176050113 0.09940539031410754 0.3531768596438632 0.11022116938652082 0.35316842111470187 0.11028954910657289 0.40246773752095166
4 0.11699585387668748 0.5157164225113398 0.08388801488110793 0.1117170780958528 0.21091621079205283 0.10586145882841477 0.24402404978763237 0.5098608032439017
2 0.08718715617519676 0.3078199709772569 0.08712833862962382 0.2520682772516707 0.09938405648436391 0.25206100430985773 0.09944287402993685 0.3078126980354439
1 0.0993421224461311 0.4252563120966837 0.09928352869613116 0.33387606307324624 0.23794242350378741 0.3338260516495934 0.23800101725378733 0.42520630067303083
2 0.11003517635535649 0.4916343824013306 0.1098224496573867 0.4448949360084189 0.12120336815306246 0.44486579944847776 0.12141609485103226 0.49160524584138954
0 0.09682646068789007 0.15791390935300936 0.16670593467490502 0.15791390935300936 0.16670593467490502 0.18600271752426045 0.09682646068789007 0.18600271752426045
