4 0.6409746653949433 0.6659896949730786 0.6236143424185698 0.17663840698248548 0.7975431389701236 0.17316759503535256 0.8149034619464971 0.6625188830259456
1 0.6280050133916029 0.3982387002510764 0.6257350026316214 0.2873566141880833 0.7995478284900457 0.28535504376405463 0.801817839250027 0.3962371298270478
3 0.553136564810691 0.5179974681447301 0.5455117803279806 0.35407318135445726 0.6304588485475843 0.3518506126679257 0.6380836330302946 0.5157748994581985
0 0.6657725829663199 0.23677844085620026 0.6657177327059033 0.2145847457878409 0.7251182454842007 0.21450216827465912 0.7251730957446174 0.23669586334301848
0 0.8790685210885192 0.23636812444085714 0.8780896799426858 0.21358867497796652 0.9407216807343973 0.21207480768804912 0.9417005218802307 0.23485425715093977
1 0.6292194420593836 0.28610678955906926 0.625073348398834 0.1778622401622895 0.7909746742410038 0.17428782120040084 0.7951207679015533 0.28253237059718067
2 0.8497926890280937 0.37073367302889915 0.8449134307183482 0.30794256269852693 0.8535049034959076 0.3075670316992932 0.8583841618056531 0.37035814202966544
2 0.8400954401172708 0.25972720213871237 0.8343483695138094 0.2005625260833979 0.8419833172015766 0.20014535650153373 0.847730387805038 0.25931003255684815
2 0.855376215876875 0.42520644933095597 0.8703598150163868 0.42520644933095597 0.8703598150163868 0.49080651931363073 0.855376215876875 0.49080651931363073
2 0.6270636239885653 0.4253469205728889 0.6356791934937845 0.4253469205728889 0.6356791934937845 0.49150887552329525 0.6270636239885653 0.49150887552329525
2 0.6274382139670531 0.31058191591369133 0.6347427185475649 0.31058191591369133 0.6347427185475649 0.3718273773964454 0.6274382139670531 0.3718273773964454
