1 0.46998786453391156 0.8468149857654317 0.4695456367451893 0.7342298108235586 0.6211318185288087 0.7338948862886173 0.6215740463175309 0.8464800612304902
1 0.17797792412567928 0.8440286825174614 0.1794080398962263 0.7341221569461716 0.31613130665669703 0.7351228771552347 0.31470119088615 0.8450294027265246
1 0.3182011998715803 0.8458023163210596 0.3187379762279909 0.7327605310442995 0.4658065187059322 0.7331533538429806 0.4652697423495216 0.8461951391197409
1 0.02648689256834728 0.8424310183040882 0.028142085172124583 0.7316570767418925 0.17419879108926847 0.7328846713049794 0.17254359848549117 0.843658612867175
4 0.02819664481112978 0.8400005370349335 0.02905614266674128 0.7413980631689319 0.62116544438583 0.7443012928601191 0.6203059465302184 0.8429037667261207
2 0.2122082294473538 0.8463908763241421 0.21199312486306007 0.8395069763457503 0.2883900964523993 0.8381641687639338 0.2886052010366931 0.8450480687423256
0 0.07802109516144866 0.833085298343105 0.07780769591014657 0.7793478715852924 0.11466907004037424 0.77926553173502 0.11488246929167632 0.8330029584928325
2 0.35622676391010244 0.8456952680893022 0.35613803209944894 0.8409105846884332 0.4345978288647698 0.840092127733906 0.43468656067542333 0.8448768111347751
2 0.5006912337793911 0.8456747874334367 0.5008164076029084 0.8400384787402965 0.5812650571097667 0.8410434647873974 0.5811398832862494 0.8466797734805376
1 -0.047184522222726705 0.8917025656542308 0.016284526336447235 0.8407208784549658 0.08568573122298166 0.8893209961699418 0.022216682663807726 0.9403026833692066
2 0.04106041153540062 0.9219595027811297 0.07263862702843568 0.8951048169644649 0.07639286496839474 0.8975880177068918 0.044814649475359666 0.9244427035235567
0 0.0031435230351972154 0.8895995971682951 0.020534493901082636 0.8759351684573575 0.056659442629064756 0.9017971688808257 0.03926847176317933 0.9154615975917633
2 0.07101941665434337 0.8388309486447693 0.14662073115735405 0.8388309486447693 0.14662073115735405 0.8428364737472352 0.07101941665434337 0.8428364737472352
