1 0.5706153563262529 0.7568285352195278 0.5702305719152951 0.7017978038309443 0.6448961808773725 0.7015041367121988 0.6452809652883303 0.7565348681007823
1 0.7804841748249204 0.7550670614537167 0.7801602044884094 0.7021625729823379 0.8501488113087162 0.701921492194077 0.8504727816452272 0.7548259806654557
4 0.5731277500846041 0.7532877623657975 0.5731342605012708 0.7048840758423601 0.8505512005955616 0.7049050645572715 0.8505446901788949 0.7533087510807089
1 0.6444657798671346 0.7562598488162388 0.6438614801725433 0.7015558830244069 0.710210071805461 0.7011436072669278 0.7108143715000522 0.7558475730587597
1 0.711643554474023 0.7542656670052214 0.7110605984519857 0.702297062495385 0.7787464712747731 0.7018699765318144 0.7793294272968105 0.7538385810416506
2 0.6594666685470015 0.7561650854455314 0.6594295874932701 0.7539609973210601 0.69613639130082 0.753613627400177 0.6961734723545514 0.7558177155246483
2 0.7951337984270923 0.7552764485738324 0.7951582429126306 0.752647308351498 0.831647042590748 0.7528381394965087 0.8316225981052097 0.7554672797188431
2 0.591050666692779 0.7558877293254871 0.5910905881962216 0.753602204612422 0.6279498867454624 0.7539643563387208 0.6279099652420197 0.7562498810517858
2 0.7276129506403689 0.7554972574496144 0.7276057373899751 0.7535758821926217 0.7641472749621552 0.7534987158070505 0.7641544882125489 0.7554200910640432
0 0.5996802690977829 0.7231121383958617 0.6170586707683534 0.7231121383958617 0.6170586707683534 0.7494124873526624 0.5996802690977829 0.7494124873526624
