1 0.5751449803877324 0.2660985191958838 0.5726570002333041 0.16869522418314162 0.7017767938174327 0.16684003325027044 0.704264773971861 0.2642433282630126
1 0.577047534791195 0.3593554195027417 0.5754182606837284 0.27071423202415984 0.7030204852498544 0.269394944781619 0.704649759357321 0.35803613226020087
1 0.08920554598370423 0.37245082582882255 0.08476141827471274 0.27962581982825385 0.2137273998104279 0.2761527042242337 0.21817152751941937 0.3689777102248024
1 0.25296667795879335 0.36536380509677435 0.24887624076255732 0.27635679637990324 0.3777452595678293 0.2730254746951955 0.38183569676406526 0.3620324834120666
1 0.24480944606413124 0.27259286148491396 0.24038820891416074 0.17661174201416893 0.37131687010307096 0.17321927796998604 0.3757381072530414 0.2692003974407311
4 0.10565295722660903 0.471540481480871 0.07023739153041132 0.07593738549349388 0.1876003179953901 0.07002737899454008 0.22301588369158784 0.4656304749819172
1 0.4094967863862052 0.26879154437649105 0.40547379136638617 0.17222453584488362 0.5353965899032302 0.16917994729000185 0.5394195849230492 0.2657469558216093
4 0.41865350793393735 0.46000691020772044 0.4075611114890237 0.06870685175120218 0.5286257269418664 0.06677641656960537 0.53971812338678 0.45807647502612364
1 0.10169924632599318 0.4698628436749926 0.09633546433863531 0.3756144735943271 0.22306576703090422 0.37155751786908303 0.22842954901826212 0.46580588794974853
1 0.23858225529358296 0.1740911436749764 0.23210508427442558 0.07139248976753747 0.36435607087467337 0.06670066201126319 0.37083324189383077 0.16939931591870214
1 0.26367353677824446 0.4661766353654426 0.2566289105413036 0.3709613751909912 0.38260235320897557 0.36571870035626897 0.3896469794459165 0.4609339605307204
1 0.07065321799434432 0.18023788172539 0.06269862986847546 0.07594969393556235 0.19400874408047333 0.07031586984371006 0.2019633322063422 0.1746040576335377
4 0.74214645607274 0.4516940859861546 0.7460289999917219 0.062112046997340485 0.8611445599510072 0.06275736533743609 0.8572620160320252 0.45233940432625025
1 0.5796436087234507 0.4566609559653646 0.5769115198291018 0.36205027840201465 0.7019679560823578 0.36001893546517333 0.7047000449767068 0.4546296130285233
4 0.2646908626833283 0.4653871960221894 0.23468013117585115 0.07095485509136029 0.3561776699386468 0.06575496611068259 0.38618840144612404 0.46018730704151173
4 0.5843540960710468 0.4576014455591003 0.5747218295813942 0.06506072406512532 0.6941449268661462 0.0634123543362479 0.7037771933557988 0.45595307583022293
3 0.4571001998489856 0.16736554538144852 0.45468363442915255 0.033735259404184634 0.5350389004571731 0.0329178671295394 0.5374554658770061 0.1665481531068033
3 0.12903894077307598 0.2725875828060702 0.12560624746502183 0.1522071259782266 0.20930813339590165 0.15086455644830693 0.21274082670395578 0.2712450132761505
1 0.7384230146638189 0.451528723543767 0.7375564782054854 0.357432532137517 0.8616440623387278 0.356789747260521 0.8625105987970613 0.45088593866677096
0 0.14650962369165946 0.4283716884045981 0.14580043586613864 0.4100912318616294 0.18932460615312724 0.4091414425863387 0.19003379397864809 0.42742189912930745
0 0.9528217959299965 0.40738083145492643 0.952131622701345 0.39023831017652794 0.9958119116832561 0.38924909347136344 0.9965020849119076 0.40639161474976193
1 0.7385431636734816 0.262732250379586 0.7377497356509378 0.16775389010347597 0.8662758489135133 0.1671499459679695 0.867069276936057 0.2621283062440795
0 0.6367501528890593 0.41696460458921975 0.635650950415101 0.3992037403314072 0.6792158942853161 0.39768713252285703 0.6803150967592745 0.4154479967806695
0 0.7928461537548814 0.4133282770649844 0.7917970343203395 0.3965639098751418 0.8377095458208369 0.3949477238597933 0.8387586652553788 0.4117120910496359
2 0.8588118943642413 0.3342235430270889 0.8582337693642413 0.2844814775974014 0.8650889124005465 0.284436661195777 0.8656670374005465 0.3341787266254645
2 0.8543943784767767 0.4266021640142526 0.8548993999390124 0.37736964285597485 0.8622696885043603 0.3774121698589436 0.8617646670421245 0.42664469101722136
2 0.8597998590924267 0.23985823892586694 0.8602865127382601 0.18776860879891383 0.8669660374107356 0.18780371119745906 0.8664793837649023 0.23989334132441217
1 0.7405106607792026 0.3535145225822077 0.7398534342167026 0.26495330432048897 0.8637525228145475 0.2644360999763859 0.8644097493770475 0.35299731823810465
0 0.3135091442308749 0.4240726723339736 0.3123334112739053 0.4071677680444416 0.3582755975365369 0.40537042837080417 0.35945133049350647 0.4222753326603362
2 0.698036861728903 0.18960491164496035 0.7030811238540429 0.18960491164496035 0.7030811238540429 0.24201331151865532 0.698036861728903 0.24201331151865532
2 0.6993721075855578 0.2874116706449134 0.7036745664570007 0.2874116706449134 0.7036745664570007 0.3375946607575174 0.6993721075855578 0.3375946607575174
2 0.6995204682362971 0.38165777402712087 0.7036745664570003 0.38165777402712087 0.7036745664570003 0.43050551828307004 0.6995204682362971 0.43050551828307004
2 0.5321696542022477 0.19238667384632413 0.5378073589303451 0.19238667384632413 0.5378073589303451 0.24579650811251014 0.5321696542022477 0.24579650811251014
2 0.36064414604617295 0.09607894238295729 0.36899883668816924 0.09607894238295729 0.36899883668816924 0.14894846910184004 0.36064414604617295 0.14894846910184004
2 0.3669101640276696 0.1958130619217876 0.37439457439445856 0.1958130619217876 0.37439457439445856 0.24816042047554587 0.3669101640276696 0.24816042047554587
2 0.37282806989908424 0.2942417610478067 0.38100870448603896 0.2942417610478067 0.38100870448603896 0.34463098898234684 0.37282806989908424 0.34463098898234684
2 0.3794421999906647 0.3895374511830768 0.3876228345776193 0.3895374511830768 0.3876228345776193 0.4379685484983991 0.3794421999906647 0.4379685484983991
2 0.2166997885267787 0.3931926283389502 0.22662098366414923 0.3931926283389502 0.22662098366414923 0.4412320995304289 0.2166997885267787 0.4412320995304289
2 0.20782292971965757 0.299202358616492 0.21722195669190345 0.299202358616492 0.21722195669190345 0.34802508205565785 0.20782292971965757 0.34802508205565785
2 0.19111354843566503 0.10117008199292378 0.20051257540791084 0.10117008199292378 0.20051257540791084 0.152995272381557 0.19111354843566503 0.152995272381557
