4 0.43467867511831576 0.9273719550239832 0.43409043358025673 0.837554825181587 0.9103351760113498 0.8358003418897819 0.9109234175494088 0.9256174717321781
4 0.4457045678563808 0.6668002890937917 0.4458043574288909 0.5945928456074214 0.8648037675986237 0.5949185616365076 0.8647039780261135 0.6671260051228779
2 0.579946993306327 0.9311307991621344 0.5799699210637375 0.9271985070059958 0.643467802560047 0.9274067630257506 0.6434448748026366 0.9313390551818892
2 0.4643939976832908 0.9311105541767906 0.464481265086571 0.926775352082933 0.5261615323713025 0.9274737637398073 0.5260742649680223 0.9318089658336647
2 0.6969195758166988 0.9313869596268488 0.6969412342398922 0.9266659431107951 0.7613550610503367 0.9268321668102143 0.7613334026271433 0.931553183326268
2 0.5751760511364662 0.670327461610688 0.575220455301773 0.6669962961118687 0.6309795800331158 0.6674143824493552 0.630935175867809 0.6707455479481745
2 0.6784431061320135 0.6719482557908034 0.6783891317294506 0.6674147807977553 0.7335393934653389 0.6670454404752578 0.733593367867902 0.671578915468306
2 0.4727577530849447 0.6704445948145661 0.4728766017358749 0.6661099200257663 0.528581080294145 0.6669690331952931 0.5284622316432147 0.671303707984093
1 0.5529949137498524 0.9310617847512597 0.5529049513430931 0.8332680660683117 0.6661935255360959 0.8332094443232434 0.6662834879428552 0.9310031630061913
1 0.754228813861037 0.6723825990102502 0.7496903792200774 0.5934863474396412 0.8607966626649195 0.5898912483695132 0.8653350973058791 0.6687874999401223
1 0.5518750025054853 0.6703392451060366 0.5521180506796294 0.5920968451283972 0.6533011129771397 0.5922736444301304 0.6530580648029954 0.6705160444077698
1 0.7834158189536751 0.9354527780450923 0.7761822905568639 0.8331316042873343 0.9040650883212589 0.82804627203395 0.9112986167180699 0.9303674457917079
1 0.6520197502177871 0.6716209732724099 0.6507292193760723 0.5928625295040453 0.7542215738110873 0.591908631245644 0.7555121046528022 0.6706670750140086
1 0.6676962067177469 0.9331727894922567 0.6650985504677468 0.8334379262110067 0.7826023113046573 0.8317164184815068 0.7851999675546575 0.9314512817627568
2 0.813104003779643 0.94075768380092 0.812627441279643 0.9158060236446699 0.8784708660120235 0.9150986394412673 0.8789474285120235 0.9400502995975173
1 0.43356300328062874 0.9299548166632878 0.43665561395771213 0.8324112375617246 0.5531786309779689 0.8344893106195169 0.5500860203008855 0.9320328897210801
0 0.4760137931336451 0.9156730630126997 0.47491711344614507 0.8715003335205121 0.5066772875955218 0.8710567953857378 0.5077739672830217 0.9152295248779253
2 0.7819741368528842 0.67192175242835 0.7821131172758572 0.6677079172386726 0.8398635831587399 0.6687793233082925 0.8397246027357669 0.6729931584979698
1 0.446628743937211 0.670206202762871 0.447639730265336 0.5910927994425585 0.5552482905679974 0.591866307002754 0.5542373042398724 0.6709797103230665
0 0.4854051917463664 0.6560356034279584 0.4859705400536581 0.6197909745217085 0.5136385908057169 0.6200337325095415 0.5130732424984253 0.6562783614157915
2 0.8146686714473758 0.9273939792181604 0.8803740040042946 0.9273939792181604 0.8803740040042946 0.9320411147231684 0.8146686714473758 0.9320411147231684
