3 0.5468961288243034 0.4685358507156207 0.5468564453044079 0.377407299551818 0.6384007161539221 0.37738487574115126 0.6384403996738176 0.4685134269049539
3 0.549794270870468 0.5590866579712456 0.5500751953496346 0.4686869082153862 0.6380095214472403 0.4688406186400825 0.6377285969680737 0.5592403683959419
3 0.5447208658860967 0.3826572725353398 0.5447255045579716 0.28053880329705855 0.6414539388014032 0.28054127482794144 0.6414493001295283 0.38265974406622266
3 0.5541252033984999 0.6499648159801165 0.5542766519662082 0.5530798062144915 0.6463831787629585 0.5531607943714464 0.6462317301952502 0.6500458041370714
2 0.5514535744672963 0.615503846292957 0.5514136167850047 0.573065858011707 0.56293697570723 0.5730597549590521 0.5629769333895217 0.6154977432403022
2 0.5480554656149433 0.5330150628912572 0.5481381389356909 0.48784009104815446 0.5602833275432536 0.4878525934738491 0.560200654222506 0.533027565316952
2 0.5419972854033951 0.3638459764198606 0.5421419794138117 0.3160532518104856 0.554895561981927 0.31607497099370907 0.5547508679715103 0.3638676956030841
2 0.5456155563404232 0.4494816256718416 0.5456831832935481 0.40300762664840406 0.5588995939990774 0.403018444619816 0.5588319670459525 0.4494924436432535
4 0.4473601368152417 0.6371612888340566 0.4358837974967587 0.29594384754842046 0.5427738797999119 0.29392161034114545 0.5542502191183949 0.6351390516267816
0 0.5728808852416778 0.611169174342324 0.5730690128823506 0.586501605254994 0.6117248603027868 0.5866674355910949 0.6115367326621142 0.6113350046784249
