3 0.5828422724495576 0.6201311277311068 0.5832955602099742 0.5888495115201693 0.7108834938928977 0.5898894722492761 0.7104302061324811 0.6211710884602136
3 0.26563166814705796 0.40622907203192127 0.2603843755713278 0.36275930358633757 0.3834237438270413 0.35440491690578385 0.3886710364027715 0.39787468535136755
3 0.35109472624727217 0.6248971690287782 0.35167333952852214 0.6005447520365907 0.4709650882058529 0.6021390858540344 0.4703864749246029 0.6264915028462219
3 0.46803280581701756 0.6296718838678864 0.4688670123019486 0.6053458973959253 0.5842046639397929 0.607570726884277 0.5833704574548618 0.6318967133562382
3 0.5969928007566088 0.39347875711714686 0.5945863363948741 0.37039281269548274 0.7179391417215334 0.3631600644898788 0.720345606083268 0.386246008911543
3 0.4915038828589434 0.3890820582669929 0.48530631228897597 0.3305988646672887 0.5936924884395371 0.32413805686144065 0.5998900590095047 0.3826212504611448
3 0.22907785435778905 0.6112005775391719 0.23117129271407347 0.5681062582986615 0.36589326692397195 0.5717875575089502 0.3637998285676875 0.6148818767494606
4 0.29069369997526356 0.40020787049370826 0.28172555432026 0.32984876279142716 0.6886220903939939 0.3006752416841819 0.6975902360489975 0.37103434938646296
4 0.2617770649787316 0.6086548846654514 0.26293990397233713 0.5324060005726463 0.6930108556154567 0.5360953410027064 0.6918480166218511 0.6123442250955115
3 0.3818008465625973 0.39611232329329626 0.3752952376160898 0.3383082889923872 0.48393057376204224 0.33143090230825656 0.4904361827085497 0.38923493660916564
0 0.2825687764842787 0.5992117287374062 0.31786814510544187 0.5992117287374062 0.31786814510544187 0.61260595556599 0.2825687764842787 0.61260595556599
0 0.31350862170653665 0.3875954388521402 0.34601752640507827 0.3875954388521402 0.34601752640507827 0.40098966568072375 0.31350862170653665 0.40098966568072375
2 0.4155541830562358 0.39198765215573045 0.46838985931254257 0.3886047633299407 0.46863226265290664 0.3907343762449351 0.4157965863965999 0.3941172650707249
2 0.5166565025122755 0.3848253978801673 0.5692853048358238 0.3814557544893761 0.5695277081761878 0.38358536740437044 0.5168989058526394 0.38695501079516165
