1 0.4208340656295428 0.7527435842050336 0.41844262682745936 0.6175609670175336 0.5917536622350404 0.6158363718496538 0.5941451010371239 0.7510189890371538
1 0.42281559255847917 0.6150423459965265 0.42391178396472906 0.4920833921391046 0.5899064682099554 0.4929158129723375 0.5888102768037055 0.6158747668297593
1 0.4226370853751275 0.49104976017186663 0.4262451582917942 0.36911116153905416 0.5904635005623725 0.3718444048671959 0.5868554276457059 0.49378300350000837
1 0.4226930336198644 0.36981467552905734 0.42604248023444774 0.2442860958171433 0.5889395347395107 0.24673102454418488 0.5855900881249273 0.37225960425609894
4 0.4283957947318619 0.7488206411064194 0.43560469558378184 0.25078349678911865 0.5837617594943416 0.25198978812299117 0.5765528586424217 0.750026932440292
0 0.45105786054841823 0.3211269632071317 0.45342651289216823 0.2904986062735379 0.5307675789047067 0.2938630270272434 0.5283989265609567 0.32449138396083715
2 0.42505160246868307 0.34373055316454393 0.426009121999933 0.2819170766020447 0.43213342744655414 0.2819704400448359 0.43117590791530425 0.3437839166073352
2 0.420882714338862 0.7150201032973148 0.4181294591305286 0.647390220484815 0.427645922927883 0.647172296033533 0.43039917813621636 0.7148021788460328
2 0.4238598876580479 0.4631588836683431 0.4240550138057131 0.39964088970922923 0.43153542364450376 0.3996538157825889 0.43134029749683855 0.4631718097417028
2 0.4225698283051863 0.5861291690049174 0.4215042438168474 0.5209065972092033 0.4292516664184639 0.5208353988896507 0.4303172509068028 0.5860579706853649
