1 0.8915026858397046 0.8607989432460897 0.8937919111001212 0.8064728934414023 0.9660778805665454 0.8081862862460979 0.9637886553061288 0.8625123360507854
1 0.680638671797095 0.8571052603134305 0.6804758619751835 0.8041557455927966 0.7546239741101576 0.8040275003565571 0.7547867839320691 0.8569770150771909
1 0.8232602544150629 0.858762130054809 0.8249908859254795 0.8045415490001214 0.8924866531370206 0.8057533728748786 0.8907560216266039 0.8599739539295661
1 0.7544580891253428 0.8573450949961898 0.7561167805315928 0.8026157248790023 0.8235826009788237 0.8037658669178727 0.8219239095725737 0.8584952370350603
4 0.6832526150937519 0.854251963384176 0.6849550447696288 0.8060039139018058 0.9665870739833451 0.8115936845819065 0.9648846443074682 0.8598417340642766
2 0.9055746718541451 0.8082871038378185 0.9058206626890328 0.8052903619297646 0.9463308420011939 0.8071608557490901 0.9460848511663061 0.8101575976571441
2 0.8345288675635529 0.8071548012789812 0.8345538842438605 0.8039401019732881 0.8731827902986765 0.8041091944395191 0.873157773618369 0.8073238937452121
2 0.7672685790291655 0.8064895151154126 0.7673662726885071 0.804050651163404 0.8065630497799828 0.8049338361722432 0.8064653561206412 0.8073727001242518
0 0.9162238378671234 0.8416923594966683 0.91720607940116 0.8159131348496168 0.9404106686439317 0.8164104650758433 0.9394284271098952 0.8421896897228949
2 0.7016044842421002 0.8037744575265044 0.7358293655805008 0.8037744575265044 0.7358293655805008 0.8081250780356232 0.7016044842421002 0.8081250780356232
