4 0.37119782660016887 0.5074654121769255 0.3703240720110854 0.4555552092454151 0.6713808344319705 0.45270479712029016 0.6722545890210541 0.5046150000518006
1 0.37079305029849136 0.511665075827737 0.3692264812880747 0.4535051026832058 0.4483329262640086 0.4523065428246067 0.4498994952744253 0.510466515969138
1 0.5231171470965061 0.5074886938198399 0.5220920819923395 0.4508332372768711 0.5939235430076606 0.45010218752781644 0.5949486081118273 0.5067576440707852
1 0.45015861005375296 0.5092798781231901 0.4490429687777113 0.4523448805645963 0.5210858560920804 0.4515508103533724 0.522201497368122 0.5084858079119662
2 0.4655670207326273 0.5098791501899957 0.46566240252624 0.5065127252585605 0.5057186354606831 0.5071511198237194 0.5056232536670704 0.5105175447551548
2 0.5393549824824433 0.509255590577169 0.539280901567292 0.5071150003804068 0.5786421559611749 0.5063487613612954 0.5787162368763261 0.5084893515580574
2 0.39183992828615366 0.5103676205990993 0.39182129637972685 0.5085058401485489 0.43127561343651405 0.5082837415154275 0.43129424534294086 0.510145521965978
0 0.397308430987178 0.4985215769591554 0.3973669433569697 0.4734304514708741 0.42253792317948874 0.47346346942756345 0.42247941080969703 0.4985545949158447
1 0.5964456378274974 0.5094129457512798 0.5958266599629141 0.45141135883721734 0.6712445477193777 0.4509586362799703 0.671863525583961 0.5089602231940328
2 0.6130853891607295 0.5056299262441143 0.6525453126963446 0.5056299262441143 0.6525453126963446 0.5081458274091359 0.6130853891607295 0.5081458274091359
