3 0.3796246073945442 0.23327547650566305 0.36500438432667687 0.17052034894752532 0.4699989144222963 0.1567611236103847 0.4846191374901636 0.2195162511685224
4 0.2883370094880564 0.23655158926389772 0.2745417999348885 0.16422039001225022 0.680042097542855 0.12071767720016958 0.693837307096023 0.1930488764518171
4 0.6029368084261861 0.37013442627957427 0.9036596274366014 0.14183565918973148 0.9743825694634011 0.1942373937936457 0.6736597504529859 0.4225361608834885
3 0.2682728428781568 0.24997662497833084 0.25459344261171774 0.20143759237002748 0.37152191268598656 0.18290147652594627 0.38520131295242555 0.23144050913424963
3 0.8236930885151302 0.304704194189071 0.9273683907318264 0.22979328560489368 0.9509480729816826 0.24814982119386966 0.8472727707649865 0.323060729778047
3 0.7486553196558462 0.3619736429883252 0.8434843556714677 0.2924535258419518 0.8682267231148232 0.3114378272098193 0.7733976870992016 0.3809579443561927
3 0.5908833920871338 0.21689646044672536 0.5879257094676417 0.19232119976546264 0.7066040058223289 0.18428691416081025 0.7095616884418209 0.20886217484207298
3 0.48997409118557533 0.22398781405699314 0.48530180928453365 0.19016329013121192 0.5864785539239242 0.1823018778309237 0.5911508358249659 0.21612640175670492
3 0.6423887208740972 0.4023460011247753 0.7265647869548263 0.32964794204274406 0.7659779105671932 0.3553181384481003 0.6818018444864642 0.42801619753013154
0 0.3141635134905795 0.23948275047791476 0.31041030014199955 0.22295956969609396 0.3402277470128779 0.21914976617730303 0.34398096036145787 0.23567294695912383
0 0.7015871292836479 0.37873667947236106 0.7233684290489911 0.37873667947236106 0.7233684290489911 0.4021659065225809 0.7015871292836479 0.4021659065225809
3 0.9011666459960206 0.16753003400020627 1.0 0.16753003400020627 1.0 0.24969648197358965 0.9011666459960206 0.24969648197358965
