4 0.030755876989791743 0.7694173715067133 0.027331648935614634 0.669476790755998 0.606033653223322 0.6583236206617976 0.6094578812774991 0.7582642014125128
3 0.17252380092537042 0.6658033998475075 0.16888972703214128 0.5771500795350074 0.3199657773216999 0.5736665708556176 0.32359985121492907 0.6623198911681176
3 0.31371232097427243 0.6635231325612581 0.3104373372503141 0.5911797487721956 0.4562686360569775 0.5874662473215543 0.45954361978093583 0.6598096311106169
3 0.45509179682743095 0.6589111297724483 0.45364632156701423 0.5665333221552608 0.6048313802559024 0.5652026397588016 0.6062768555163192 0.6575804473759891
2 0.35702965511944307 0.6632849211443833 0.3569253591143543 0.6560509633626566 0.43044513385803634 0.6554547270829344 0.4305494298631251 0.6626886848646611
2 0.49203962863695044 0.6597317962080775 0.4921505150678274 0.6515622703689561 0.5666330191125285 0.652130937792183 0.5665221326816515 0.6603004636313045
0 0.5125397137415674 0.638441478645204 0.5118195802780258 0.5975186270827039 0.550507975060516 0.5971356697922959 0.5512281085240576 0.638058521354796
2 0.22346333180933772 0.6645113698752304 0.22330607466340002 0.6592427979341918 0.29706612519578096 0.6580043971819722 0.29722338234171863 0.6632729691230108
2 0.09161257203047775 0.6676201177250144 0.09145566710064033 0.6629671301460541 0.16297007356836601 0.6616106271379212 0.16312697849820343 0.6662636147168814
3 0.013091659622592355 0.6709532489471829 0.010039169388217351 0.596252077072183 0.18367091361959512 0.5922611065215669 0.18672340385397015 0.666962278396567
