1 0.35976139018229447 0.7635136194625194 0.30660678736163155 0.6991918399871354 0.3897605003238652 0.6605385024292846 0.44291510314452814 0.7248602819046686
1 0.44268046219259644 0.7232191181049786 0.38847896479676314 0.6582698993549786 0.47055261072407023 0.6197430400981464 0.5247541081199035 0.6846922588481463
3 0.5949041876679976 0.35529716773028164 0.5930868742852899 0.3096830857959285 0.6950642806558893 0.3073977113056829 0.6968815940385967 0.353011793240036
1 0.5239707025103842 0.6818316098644908 0.47187841735413427 0.6187310239269909 0.5539810390260741 0.5806051709237997 0.6060733241823241 0.6437057568612997
1 0.27068187258391285 0.8086564112067103 0.21668759766863907 0.7414940388155469 0.30677879230531924 0.7007535197782038 0.36077306722059305 0.7679158921693671
3 0.4216368234982725 0.36289071728674893 0.41631537167535576 0.30830679394690524 0.5017462979898158 0.3036218647855618 0.5070677498127326 0.3582057881254055
4 0.268013652618663 0.8056906325385205 0.21757257188949633 0.747919026093208 0.5536657669420199 0.582855094555812 0.6041068476711866 0.6406267010011245
3 0.5093231413450379 0.36064373409612394 0.5063109343137879 0.32225390255315517 0.5900905133633721 0.3185562226557246 0.5931027203946221 0.35694605419869335
2 0.37845657763749424 0.7560583500727062 0.37506966640320955 0.7517696936216645 0.42177716540855037 0.7310209551441837 0.42516407664283506 0.7353096115952255
4 0.3365878550990368 0.35623730348262816 0.3334355365647674 0.305357173374205 0.6780635805829884 0.2933468410567884 0.6812158991172579 0.34422697116521156
0 0.2926234679019155 0.7825840103593688 0.26842639617061576 0.7507688658708344 0.2915521601444887 0.74087542123854 0.31574923187578846 0.7726905657270744
2 0.29353408816618315 0.7983434778500011 0.29045751790603885 0.7945522008261553 0.3377874955624852 0.772947903534021 0.3408640658226295 0.7767391805578668
2 0.4617512747559908 0.7142742745174883 0.45878570469442903 0.7105282901372395 0.504560933971828 0.6901440145780989 0.5075265040333897 0.6938899989583477
2 0.5425149225012488 0.6739723550632212 0.5400852550688847 0.671023367161966 0.5845117404685423 0.6504342215186414 0.5869414079009063 0.6533832094198965
0 0.3595853370391595 0.36400106718609054 0.35713293340171665 0.3473355328301955 0.38218488136228845 0.34526187671856207 0.3846372849997313 0.3619274110744571
3 0.3174626378254493 0.31973022809563845 0.4197999726275686 0.31973022809563845 0.4197999726275686 0.36335669307631063 0.3174626378254493 0.36335669307631063
2 0.4423393019875317 0.35744273623780004 0.4875548160953223 0.35744273623780004 0.4875548160953223 0.36041881511094565 0.4423393019875317 0.36041881511094565
2 0.6142649258047539 0.3517034985115227 0.6602405828281772 0.3517034985115227 0.6602405828281772 0.35432431651621116 0.6142649258047539 0.35432431651621116
