3 0.6247741912624135 0.6663012460548005 0.6223661508978302 0.575451514609488 0.6935117380995656 0.5743907705467619 0.6959197784641489 0.6652405019920744
3 0.6070458981627245 0.9348572344909459 0.6007804359231411 0.8372963214050085 0.6907574058737338 0.8340459637512414 0.6970228681133172 0.9316068768371789
4 0.6969532063011842 0.9201136902446376 0.6954721905205699 0.5780346804509149 0.8046795474494518 0.5777687257428901 0.8061605632300661 0.9198477355366128
3 0.6654814455289294 0.8495752034952013 0.6627592775601794 0.7466577230264513 0.7013880206169039 0.7460829996297987 0.7041101885856539 0.8490004800985488
2 0.6853787852570148 0.6430516315141861 0.6834110118195147 0.5984810748735621 0.6936316002907557 0.5982272550928779 0.6955993737282556 0.6427978117335018
3 0.6921958832623551 0.7673550582743027 0.6854025889915218 0.6638706832743027 0.7696363107480614 0.6607602981710099 0.7764296050188947 0.76424467317101
1 0.023022857724970636 0.6867089939677616 0.01533648306902543 0.6061245684788569 0.11467472174938627 0.6007947868246022 0.12236109640533148 0.681379212313507
1 0.029872305497422015 0.791757627368805 0.023576808294717765 0.7107291900578456 0.1271833649837289 0.7062012325860838 0.13347886218643315 0.7872296698970432
1 0.012202359880442984 0.3897511864314339 0.003467163687347352 0.3128294062040595 0.10010059272371354 0.30665673343298117 0.10883578891680916 0.38357851366035556
1 0.017900601034129972 0.583795837439307 0.011161589184763216 0.5047154695038903 0.11131491563391509 0.49991464927360113 0.11805392748328185 0.5789950172090178
2 0.688907694785479 0.8960025309538334 0.6892648454806704 0.8464770585852361 0.695774461285388 0.8465034644720582 0.6954173105901967 0.8960289368406554
1 0.035520182826398274 0.9017426010896327 0.027989563977791895 0.8145833481680234 0.13566242921308902 0.8093504056438495 0.14319304806169542 0.8965096585654588
1 0.01648495160277661 0.4826961523949599 0.007755364709614236 0.4081214117729156 0.10688323113604482 0.4015943123769208 0.1156128180292072 0.476169052998965
0 0.6490402835944257 0.6322111349263111 0.648488851302759 0.6120303487934986 0.6821333003899492 0.6115132303080638 0.682684732681616 0.6316940164408763
2 0.05988826178926082 0.9210814663188315 0.1184989073270174 0.9210814663188315 0.1184989073270174 0.9285076107806999 0.05988826178926082 0.9285076107806999
2 0.05222256428023544 0.8132825950981619 0.10923618950361172 0.8132825950981619 0.10923618950361172 0.8198703038949806 0.05222256428023544 0.8198703038949806
2 0.044077760676895957 0.7068012656368563 0.10109138590027225 0.7068012656368563 0.10109138590027225 0.7136285274808319 0.044077760676895957 0.7136285274808319
2 0.03609265910499452 0.6025956901235424 0.09214807213974262 0.6025956901235424 0.09214807213974262 0.609183398920361 0.03609265910499452 0.609183398920361
2 0.032259810350481824 0.5011449746525346 0.0863987990079736 0.5011449746525346 0.0863987990079736 0.5085711191144029 0.032259810350481824 0.5085711191144029
2 0.026350835187274768 0.40280844879456923 0.08192714212770903 0.40280844879456923 0.08192714212770903 0.4107136993507507 0.026350835187274768 0.4107136993507507
2 0.026350835187274765 0.30950253692689994 0.07937190962470034 0.30950253692689994 0.07937190962470034 0.31764734053023935 0.026350835187274765 0.31764734053023935
0 0.03996839567978954 0.325612093065242 0.06082147168663629 0.325612093065242 0.06082147168663629 0.3529817553242284 0.03996839567978954 0.3529817553242284
0 0.04199577806934407 0.42205756959690804 0.0628488540761908 0.42205756959690804 0.0628488540761908 0.4489927927724183 0.04199577806934407 0.4489927927724183
0 0.047788299182357045 0.5208924610876919 0.06864137518920375 0.5208924610876919 0.06864137518920375 0.55130319693101 0.047788299182357045 0.55130319693101
0 0.05300156818406873 0.6223339870793316 0.07733015685872323 0.6223339870793316 0.07733015685872323 0.6527447229226497 0.05300156818406873 0.6527447229226497
0 0.0587940892970817 0.7289887820726829 0.08138492163783231 0.7289887820726829 0.08138492163783231 0.7587478592907871 0.0587940892970817 0.7587478592907871
0 0.07472352235786738 0.8345574793573447 0.09876248497687123 0.8345574793573447 0.09876248497687123 0.8640993370337109 0.07472352235786738 0.8640993370337109
