3 0.34165115672872237 0.6040428673161744 0.3364969997645302 0.5699966503905617 0.4705309005702107 0.5585829632930651 0.47568505753440293 0.5926291802186777
4 0.23664696496185067 0.6055022977150445 0.22429163082070758 0.5210136820437186 0.7056835906555629 0.48141528006950035 0.718038924796706 0.5659038957408263
3 0.20046440785610253 0.6093642450889445 0.19309731890845205 0.5498210636535134 0.3420718068258221 0.5394529844580466 0.3494388957734726 0.5989961658934777
3 0.6032943865682168 0.5804719445834506 0.5961230152292839 0.5333935420281797 0.7424510272358146 0.5208554777435641 0.7496223985747474 0.5679338802988351
0 0.260658498424203 0.6032859282147437 0.25796475820058395 0.5823516928867735 0.29750388184774357 0.5794898342645293 0.3001976220713627 0.6004240695924996
3 0.6188045856048122 0.38645928929944867 0.618709533521479 0.3521673581471049 0.7555231375702712 0.35195404309217504 0.7556181896536045 0.3862459742445188
3 0.2545459512316111 0.37163685659065016 0.25631267097328364 0.3097281722650591 0.3930539617173537 0.311923191292296 0.3912872419756812 0.373831875617887
4 0.2899640565965863 0.36918798916665274 0.2924884592993434 0.2989741500405995 0.7356433844876811 0.3079363375018694 0.7331189817849239 0.3781501766279226
3 0.47676972547420104 0.5934159856298663 0.4728132638425033 0.5623779944998575 0.60365645123778 0.5529961766722102 0.6076129128694777 0.5840341678022192
3 0.5037541612167507 0.3764969847171209 0.50620625964964 0.3039231215130334 0.6245132880004983 0.30617161032334744 0.622061189567609 0.37874547352743493
3 0.3850648826902187 0.37506433868793304 0.38635864792342944 0.30089267027878197 0.5043115781670833 0.3020499775702643 0.5030178129338726 0.37622164597941543
0 0.313398764361705 0.3727596075228626 0.30993625254504126 0.34585091136858725 0.3420006053289038 0.34353007984738165 0.34546311714556743 0.3704387760016569
2 0.5316653332587514 0.37513365036214963 0.5873377415564887 0.37513365036214963 0.5873377415564887 0.3792216166536223 0.5316653332587514 0.3792216166536223
2 0.42104850980813346 0.37275972003960844 0.47849493570490925 0.37275972003960844 0.47849493570490925 0.3755982493192139 0.42104850980813346 0.3755982493192139
