4 0.7626486988441016 0.14219461883037937 0.8486812142101304 0.14219461883037937 0.8486812142101304 0.4147442898094532 0.7626486988441016 0.4147442898094532
0 0.7943732022827518 0.3714626585836105 0.8399062546192736 0.3714626585836105 0.8399062546192736 0.38853755320980626 0.7943732022827518 0.38853755320980626
1 0.7577681994239733 0.3461510073612181 0.8524055238881145 0.3461510073612181 0.8524055238881145 0.4156565034984685 0.7577681994239733 0.4156565034984685
1 0.7578661600085665 0.27874721654971923 0.8525550999815488 0.27874721654971923 0.8525550999815488 0.34400101787941034 0.7578661600085665 0.34400101787941034
1 0.7576297331921842 0.21101093364768894 0.8522004597569712 0.21101093364768894 0.8522004597569712 0.2762647349773919 0.7576297331921842 0.2762647349773919
1 0.7579843734168021 0.14247671024026765 0.8520822463487654 0.14247671024026765 0.8520822463487654 0.20870577218767072 0.7579843734168021 0.20870577218767072
2 0.847353710020531 0.15967676113423998 0.8523186731651824 0.15967676113423998 0.8523186731651824 0.19700264477528107 0.847353710020531 0.19700264477528107
2 0.8475901368369417 0.22661510353088107 0.8524368865733879 0.22661510353088107 0.8524368865733879 0.2629657265542227 0.8475901368369417 0.2629657265542227
2 0.8479447770615607 0.2935534459275228 0.8524368865733883 0.2935534459275228 0.8524368865733883 0.3301700491193279 0.8479447770615607 0.3301700491193279
2 0.8473537100205306 0.3607577684926263 0.8519640329405597 0.3607577684926263 0.8519640329405597 0.3972857116282784 0.8473537100205306 0.3972857116282784
