1 0.38767550885677365 0.23091386725450014 0.5509674126359555 0.23091386725450014 0.5509674126359555 0.3553539491872576 0.38767550885677365 0.3553539491872576
1 0.3946712687611609 0.358368592313042 0.5542647633938921 0.358368592313042 0.5542647633938921 0.47009384259581843 0.3946712687611609 0.47009384259581843
0 0.4657200649380684 0.6312798531726003 0.5378172323107719 0.6312798531726003 0.5378172323107719 0.6592901675030589 0.4657200649380684 0.6592901675030589
1 0.40158483386039623 0.47367358580231445 0.558321827386703 0.47367358580231445 0.558321827386703 0.5820092424660234 0.40158483386039623 0.5820092424660234
1 0.40821686387062045 0.5854510702192772 0.5617797062937626 0.5854510702192772 0.5617797062937626 0.6991592012345778 0.40821686387062045 0.6991592012345778
4 0.40101474751083055 0.2336182339620911 0.5420084560845209 0.2310551297699922 0.5570625331121256 0.6968665519697541 0.4160688245384353 0.699429656161853
2 0.5532831504822306 0.6088396143168213 0.5620071804472918 0.6088396143168213 0.5620071804472918 0.6677323747426274 0.5532831504822306 0.6677323747426274
2 0.5489568859338759 0.49597635678945606 0.5573123544454475 0.49597635678945606 0.5573123544454475 0.5565983969718081 0.5489568859338759 0.5565983969718081
2 0.5452642955312539 0.38171301670659913 0.5541904214769448 0.38171301670659913 0.5541904214769448 0.4429988808872389 0.5452642955312539 0.4429988808872389
2 0.5436100366143038 0.2624655373821693 0.5506091394725514 0.2624655373821693 0.5506091394725514 0.32739743183341175 0.5436100366143038 0.32739743183341175
