3 0.7305086453262232 0.0895844787574568 0.744938453015178 0.021066938021521268 0.818412175763054 0.02977082711191234 0.8039823680740992 0.09828836784784788
3 0.5894036244301669 0.07788341205534587 0.5998954291644685 0.009447829727175573 0.6723449556663297 0.015695618097655278 0.6618531509320281 0.08413120042582559
2 0.6049241106100218 0.07978598318429622 0.6053884886276775 0.07647783172229344 0.6438241856053647 0.07951272592175208 0.643359807587709 0.08282087738375486
2 0.7454936048712881 0.09139975629100365 0.7459541081780486 0.08805141620649747 0.7828752958448603 0.0909077001641609 0.7824147925380996 0.09425604024866709
3 0.5170505610812278 0.3062212857284923 0.6178002892766643 0.3062212857284923 0.6178002892766643 0.32746740811690306 0.5170505610812278 0.32746740811690306
3 0.6108324499385229 0.4612989147026759 0.7217602066776563 0.4612989147026759 0.7217602066776563 0.48264520999622074 0.6108324499385229 0.48264520999622074
3 0.7852517516533452 0.4597663601687778 0.9116510113060936 0.4597663601687778 0.9116510113060936 0.48614819178798585 0.7852517516533452 0.48614819178798585
2 0.6762479025941701 0.08314725528452228 0.7142251956653016 0.08314725528452228 0.7142251956653016 0.08803827030125888 0.6762479025941701 0.08803827030125888
2 0.609505754507421 0.12961810679440564 0.6492196117712759 0.12961810679440564 0.6492196117712759 0.13431032623140218 0.609505754507421 0.13431032623140218
2 0.6832959551150926 0.1350543159692052 0.7224657869369768 0.1350543159692052 0.7224657869369768 0.1405625735691577 0.6832959551150926 0.1405625735691577
2 0.7636188706619567 0.19839962519742407 0.8041487660887675 0.19839962519742407 0.8041487660887675 0.20370387325663755 0.7636188706619567 0.20370387325663755
2 0.7551073134552136 0.14117460219137465 0.7956372088820244 0.14117460219137465 0.7956372088820244 0.14647885025058813 0.7551073134552136 0.14647885025058813
2 0.6892841416532112 0.19276397191878392 0.730625990943106 0.19276397191878392 0.730625990943106 0.19880565761464175 0.6892841416532112 0.19880565761464175
2 0.6135920793503888 0.1871782625018588 0.6547819365473062 0.1871782625018588 0.6547819365473062 0.19356193040691613 0.6135920793503888 0.19356193040691613
2 0.6176958658607828 0.251812900040564 0.6597976756155655 0.251812900040564 0.6597976756155655 0.25648665689962374 0.6176958658607828 0.25648665689962374
2 0.6958198016512459 0.2563726628298907 0.738833563963894 0.2563726628298907 0.738833563963894 0.2609324256192173 0.6958198016512459 0.2609324256192173
2 0.7742477216276643 0.2602484612008183 0.8152855867316042 0.2602484612008183 0.8152855867316042 0.2656061824782771 0.7742477216276643 0.2656061824782771
2 0.6205837156273564 0.32180525885672784 0.6645094304978698 0.32180525885672784 0.6645094304978698 0.3263650216460546 0.6205837156273564 0.3263650216460546
2 0.5388119696054318 0.3908856651150264 0.5853215500565634 0.3908856651150264 0.5853215500565634 0.39544542790435305 0.5388119696054318 0.39544542790435305
2 0.6245355100447728 0.3951034456951538 0.6698291537520841 0.3951034456951538 0.6698291537520841 0.3997772025542137 0.6245355100447728 0.3997772025542137
2 0.708435145368383 0.39897924406608143 0.7532728127967617 0.39897924406608143 0.7532728127967617 0.4033110187159418 0.708435145368383 0.4033110187159418
2 0.7912708360411503 0.40251306022780964 0.8370204560273945 0.40251306022780964 0.8370204560273945 0.4070728230171362 0.7912708360411503 0.4070728230171362
2 0.8005908150312507 0.48179540640014856 0.8467865704019405 0.48179540640014856 0.8467865704019405 0.485980927859909 0.8005908150312507 0.485980927859909
2 0.7152591116790706 0.478467110575954 0.7618682518852923 0.478467110575954 0.7618682518852923 0.4826526320357144 0.7152591116790706 0.4826526320357144
2 0.5398805952046618 0.47226633804297546 0.5872131588730644 0.47226633804297546 0.5872131588730644 0.47652936915939814 0.5398805952046618 0.47652936915939814
0 0.8098687196905139 0.4134045306765923 0.8297327751426808 0.4134045306765923 0.8297327751426808 0.4366222578284758 0.8098687196905139 0.4366222578284758
0 0.791294537969007 0.2693901286483816 0.8084928543778096 0.2693901286483816 0.8084928543778096 0.28873823460828446 0.791294537969007 0.28873823460828446
0 0.7814914976159897 0.20715372114402716 0.7983458476966161 0.20715372114402716 0.7983458476966161 0.22534094074633595 0.7814914976159897 0.22534094074633595
0 0.7710005246066199 0.14756155478752622 0.7858770683002343 0.14756155478752622 0.7858770683002343 0.16484586277837282 0.7710005246066199 0.16484586277837282
1 0.6627951140349161 0.08319634361666706 0.7333622993160346 0.08319634361666706 0.7333622993160346 0.13179290813412212 0.6627951140349161 0.13179290813412212
1 0.5941769970277361 0.1308793408626374 0.6693997771960134 0.1308793408626374 0.6693997771960134 0.18065912185635033 0.5941769970277361 0.18065912185635033
1 0.6687083913488788 0.1359610268390788 0.7432397856700231 0.1359610268390788 0.7432397856700231 0.1831481109060359 0.6687083913488788 0.1831481109060359
1 0.7401976879426276 0.14197608370915277 0.8192922288548607 0.14197608370915277 0.8192922288548607 0.18937058353025008 0.7401976879426276 0.18937058353025008
1 0.7480456553161651 0.19984633679420372 0.8306708327436948 0.19984633679420372 0.8306708327436948 0.2503084253294924 0.7480456553161651 0.2503084253294924
1 0.6739465632725234 0.19261894602423665 0.7506585268416035 0.19261894602423665 0.7506585268416035 0.2454782834210558 0.6739465632725234 0.2454782834210558
1 0.5959560669772933 0.1874648609719392 0.6752250959986761 0.1874648609719392 0.6752250959986761 0.24068378569798848 0.5959560669772933 0.24068378569798848
1 0.6005907481096088 0.25231044267642666 0.6806588600848357 0.25231044267642666 0.6806588600848357 0.30804647870708685 0.6005907481096088 0.30804647870708685
1 0.6801794103125139 0.2567453530702641 0.7599278891061985 0.2567453530702641 0.7599278891061985 0.31272111398707764 0.6801794103125139 0.31272111398707764
1 0.7584895397892811 0.2603412263625668 0.842233433352193 0.2603412263625668 0.842233433352193 0.3166765746086084 0.7584895397892811 0.3166765746086084
1 0.6035548779556774 0.32194395041311114 0.6852498273414268 0.32194395041311114 0.6852498273414268 0.3824434847189306 0.6035548779556774 0.3824434847189306
1 0.5163038488887813 0.39093193978734964 0.6056126852449915 0.39093193978734964 0.6056126852449915 0.4559072049474263 0.5163038488887813 0.4559072049474263
1 0.6066415888896481 0.3952533350949089 0.6910116877515057 0.3952533350949089 0.6910116877515057 0.45883958033469824 0.6066415888896481 0.45883958033469824
1 0.7762049095290879 0.4029701124298262 0.8653079651563668 0.4029701124298262 0.8653079651563668 0.4648586666559387 0.7762049095290879 0.4648586666559387
1 0.6908059070225744 0.3992660593090648 0.7757933480712257 0.3992660593090648 0.7757933480712257 0.46223496236206646 0.6908059070225744 0.46223496236206646
1 0.7010949434691375 0.479057536952199 0.7846419194152713 0.479057536952199 0.7846419194152713 0.5454218220325647 0.7010949434691375 0.5454218220325647
1 0.5164865333780317 0.472504546014234 0.6084500519006563 0.472504546014234 0.6084500519006563 0.5410896981708668 0.5164865333780317 0.5410896981708668
4 0.5179391656006085 0.47493049491818523 0.8804080987874402 0.48697090560624295 0.8767236758497128 0.5493618404766488 0.5142547426628808 0.537321429788591
4 0.5168739165991718 0.3925506301392371 0.8697166783367242 0.40823253066088067 0.8651574265536053 0.4659355610410731 0.5123146648160528 0.45025366051942944
4 0.5166976656536272 0.319082485004179 0.856912180646229 0.3369885121090539 0.8518333324768191 0.3912687019196188 0.5116188174842173 0.37336267481474394
4 0.5172701254153454 0.24830522206579658 0.8470449638976135 0.2665584419079946 0.842124607464628 0.3165615641581927 0.5123497689823601 0.2983083443159946
4 0.5160463052217432 0.18414047347776705 0.836170734924715 0.20467104880808937 0.8308806467246209 0.2510694630268189 0.5107562170216491 0.23053888769649653
4 0.5163587641256348 0.12540118338194745 0.8240798645773014 0.14773577938247145 0.8187018286741677 0.18941555763175838 0.5109807282225011 0.16708096163123437
4 0.5151685912457713 0.07240132647142025 0.8120201415913986 0.0964793505059127 0.8065302153886728 0.13455150999886184 0.5096786650430455 0.11047348596436939
