3 0.713458496088974 0.6601366586688961 0.7141656900993908 0.5188665170673337 0.8332936197964427 0.5192019643779792 0.832586425786026 0.6604721059795416
3 0.7148940164641346 0.908325662631695 0.7148136128183009 0.7435622348973211 0.8176538175348709 0.7435340055795348 0.8177342211807045 0.9082974333139087
4 0.5733385694474238 0.8442268443643997 0.5709142463518553 0.392918344207353 0.7131418054711655 0.39248858690074984 0.715566128566734 0.8437970870577964
3 0.7149466606872396 0.7883038475450284 0.7152130267513159 0.632934166795809 0.8094792800802291 0.6330250725539258 0.8092129140161528 0.7883947533031452
3 0.7145148113143373 0.5289551792827322 0.715306241404141 0.386798636116155 0.837167559066709 0.387180258728671 0.8363761289769053 0.5293368018952482
2 0.7136243834414877 0.4875281405191594 0.713564162087321 0.42394043299962864 0.7268459650484401 0.42393335750331645 0.7269061864026067 0.4875210650228472
2 0.7142552539934173 0.6031200943807321 0.7143820443580006 0.5441048355916704 0.727103274845188 0.5441202091210768 0.7269764844806047 0.6031354679101386
2 0.7140671726054173 0.8183772844248416 0.7140427422985071 0.7634011766474564 0.7262241097089469 0.76339813174417 0.7262485400158573 0.8183742395215553
0 0.7387051643138975 0.8328446403245041 0.7384221835558231 0.7916180353734987 0.7807473721149782 0.7914546170456599 0.7810303528730527 0.8326812219966653
2 0.7148263974547876 0.6543329587936103 0.7248646099837168 0.6543329587936103 0.7248646099837168 0.7146943157109863 0.7148263974547876 0.7146943157109863
