4 0.028727372187368094 0.7596303948237061 0.0205518350779931 0.6731412590815186 0.4974211466928403 0.6477854987309816 0.5055966838022153 0.7342746344731691
1 0.02204318463006219 0.7605183130234954 0.020824231179541353 0.6655111108750579 0.14169531469346483 0.6646387914686922 0.14291426814398567 0.7596459936171297
0 0.06177126820913678 0.7451224361059668 0.061804959615386776 0.7004927974340918 0.09457844797738668 0.7005067142846583 0.0945447565711367 0.7451363529565334
1 0.14540714491762677 0.7569066657793576 0.14314180474835592 0.6587589607012326 0.26025512721778987 0.6572384758222048 0.26252046738706075 0.7553861809003298
2 0.05245627604221238 0.7610814658709802 0.05230702819404542 0.7551256839466427 0.1186176967876579 0.7541909775290541 0.11876694463582486 0.7601467594533916
2 0.17099869083299957 0.7557392341045819 0.17090186374695956 0.7492795283903988 0.23816672569692696 0.7487123823413653 0.238263552782967 0.7551720880555484
2 0.2895565998555025 0.7507789396487168 0.289243207750734 0.7450152073400249 0.35622001354152905 0.7429667297963143 0.35653340564629754 0.7487304621050063
1 0.38512597452992636 0.7459641692636542 0.3775863827662037 0.6492360697313737 0.4978078212730186 0.6439649895412932 0.5053474130367412 0.7406930890735737
1 0.26673319327610157 0.7519014582503718 0.26134338207818486 0.6542172541488093 0.3754532894712943 0.6506756901871281 0.38084310066921095 0.7483598942886907
2 0.40821895313792295 0.7456670725278087 0.407827643218367 0.7390146518291031 0.47552998824528975 0.7367745519140214 0.4759212981648457 0.7434269726127272
