1 0.284973657355533 0.932017295063491 0.2776476979196458 0.7895998697351834 0.45497907672569876 0.7844687813327132 0.462305036161586 0.9268862066610207
4 0.05503457444405285 0.9417186587390717 0.08616240508885979 0.4331514462830673 0.24708088156524727 0.4386916908473853 0.21595305092044031 0.9472589033033897
4 0.2912822407260781 0.9301850403167647 0.27459226566597045 0.4347262483734942 0.4377741036155824 0.43163422694187376 0.45446407867569005 0.9270930188851444
1 0.06538868172041626 0.7943646093019354 0.06781342874405705 0.6674561457701964 0.2351779252381971 0.6692548580964838 0.23275317821455632 0.7961633216282228
1 0.07218925335530324 0.6673877779517605 0.07264398198723301 0.552509935179169 0.2355179107505212 0.5528725872217345 0.2350631821185914 0.6677504299943261
1 0.28326598194862007 0.5412356821212745 0.2799800754464231 0.4341265118113257 0.43457664518281824 0.4314587261946755 0.43786255168501514 0.5385678965046243
1 0.28314682950790643 0.6571088986920851 0.28176269519739383 0.5441159574002948 0.4427256674328157 0.5430068453340817 0.44410980174332826 0.6559997866258719
1 0.05536831352279781 0.9421081885927979 0.05402233093910797 0.7976584762472583 0.2311063468289476 0.7967303124003451 0.23245232941263744 0.9411800247458847
1 0.08132244469135885 0.5522735647095536 0.08082861866513015 0.4387886660231956 0.24020502456996054 0.4383985601792559 0.24069885059618923 0.5518834588656139
0 0.11193630733080999 0.5055661023723631 0.11120720169929958 0.4857281507122069 0.1673285797746556 0.48456791967646734 0.168057685406166 0.5044058713366236
3 0.23868674533627687 0.8012655372132821 0.24054329069868308 0.6577467653167309 0.29491304539038593 0.6581423839661885 0.2930565000279798 0.8016611558627397
2 0.08001792802979485 0.5288043001930975 0.08426683990294861 0.47046570356411593 0.09156369810274533 0.47076464091337966 0.08731478622959156 0.5291032375423613
2 0.2816540386876528 0.5208601007458346 0.2830379364612818 0.4629301132586661 0.28954224503121084 0.4630175158359563 0.2881583472575819 0.5209475033231247
2 0.07209931957705161 0.6438239738524552 0.07638555395233529 0.5814876059495612 0.0830160323977431 0.5817440554251445 0.07872979802245943 0.6440804233280386
2 0.28202492429645487 0.635341617087297 0.2821553767704132 0.5730975985326096 0.28907602918038505 0.573105757294531 0.28894557670642673 0.6353497758492183
2 0.06500583444445258 0.7689797457600394 0.06781932122717306 0.7011159133811357 0.07528986941617999 0.7012901267569078 0.07247638263345951 0.7691539591358115
0 0.3181412353580426 0.4968845275836758 0.3181194254622093 0.4763601135211758 0.3735863850846657 0.4763269592327304 0.373608194980499 0.4968513732952304
2 0.28266853328812697 0.8948038381128904 0.28190506486364786 0.8221523488550782 0.28885205726160684 0.8221112844146274 0.28961552568608595 0.8947627736724397
2 0.05501516112106404 0.9049658746240623 0.05999917194004845 0.8300113210575963 0.06723960177140394 0.8302821330113642 0.06225559095241952 0.9052366865778302
