1 0.22462651275726994 0.6625442412997333 0.2365371627082813 0.5269361984449443 0.4261697023879212 0.5363050293633916 0.41425905243690975 0.6719130722181806
4 0.1928587111288892 0.98179441396781 0.25233031397907024 0.39285468928335354 0.4371310361562205 0.4033516841641445 0.37765943330603946 0.992291408848601
3 0.038805390099387146 0.8278166295868072 0.05458883736501237 0.6602656041961823 0.23013503333990376 0.6695674411602954 0.21435158607427854 0.8371184665509204
1 0.46452081149398045 0.6733102102449435 0.4699981877960635 0.5364509573152559 0.666011525316848 0.5408636792730386 0.6605341490147649 0.6777229322027262
1 0.7142479448316803 0.8386118098742614 0.7165725916624803 0.6868019004409022 0.9322355138062663 0.688659511866428 0.9299108669754665 0.8404694212997873
1 0.47496972000948373 0.5328156567243845 0.4789277077850786 0.40103218245882455 0.6655413950846091 0.4041848597362958 0.6615834073090142 0.5359683340018557
1 0.711843481656186 0.6850440220567898 0.7128508723421234 0.5435415754688001 0.9221750911074553 0.5443798301512676 0.921167700421518 0.6858822767392573
1 0.4546543998969011 0.8262387972115025 0.46301118309207684 0.6749700801863575 0.6685070806411265 0.6813558858050723 0.6601502974459507 0.8326246028302173
4 0.45519710523236323 0.9965268262674081 0.47281169301713133 0.4009355969862502 0.6683560519103557 0.40418865650465546 0.6507414641255876 0.9997798857858133
0 0.7603509928261792 0.48164443162535825 0.7603573404824292 0.45429054978942074 0.8296840006634041 0.4542995991363605 0.8296776530071541 0.481653480972298
1 0.7162285175622162 0.5455993134189923 0.7112442271201653 0.4041010109989852 0.9069800894002983 0.40022267847767773 0.9119643798423491 0.5417209808976847
1 0.24705798622857494 0.5269941376980536 0.25726193833776034 0.3958003725917657 0.4361151488261556 0.40362519487670423 0.42591119671697025 0.534818959982992
0 0.516730223927276 0.4795658378972376 0.5182897128595676 0.4533160820378626 0.5837844245102239 0.45550477977854364 0.5822249355779323 0.48175453563791865
0 0.2882895022324005 0.47466246903492476 0.28984353869073387 0.44976598465992473 0.3549446896621308 0.4520517643635127 0.3533906532037975 0.4769482487385127
2 0.4663505915464279 0.6396107834452003 0.4683744297120709 0.5653250009132385 0.4777548834389674 0.5654687537591299 0.4757310452733244 0.6397545362910917
2 0.4571084378472603 0.7899870005041002 0.4623344445189642 0.7083550219033619 0.4693573268471811 0.7086079211613936 0.4641313201754772 0.790239899762132
2 0.22691258411231283 0.6337190507605625 0.23643878513747896 0.5600956927030623 0.2466061404565523 0.5608356976917757 0.23707993943138614 0.6344590557492759
2 0.4746124959436278 0.502762885758732 0.48101313070925283 0.43410443849310704 0.4880921818573012 0.4344756544579784 0.4816915470916762 0.5031341017236034
2 0.20434608920986863 0.7798911125817324 0.21611220651369012 0.6999487863051084 0.22848345592120714 0.7009730044872419 0.21671733861738565 0.7809153307638659
2 0.24850595645104237 0.4997849423296514 0.2578782040692724 0.4327547228738705 0.26460289985593205 0.43328361643787966 0.255230652237702 0.5003138358936606
2 0.7152592250085175 0.43799740457176406 0.7239221856063037 0.43799740457176406 0.7239221856063037 0.5076306585072299 0.7152592250085175 0.5076306585072299
2 0.7118693708615577 0.569495496689246 0.7237338603759169 0.569495496689246 0.7237338603759169 0.6474621420693215 0.7118693708615577 0.6474621420693215
2 0.7154179952100914 0.7164400209175344 0.7245026681651402 0.7164400209175344 0.7245026681651402 0.8004164665457664 0.7154179952100914 0.8004164665457664
2 0.9607270976429801 0.43908574612844914 0.9751765617177327 0.43908574612844914 0.9751765617177327 0.5110551921930826 0.9607270976429801 0.5110551921930826
2 0.9734863296516046 0.5764502542898915 0.9897882891205562 0.5764502542898915 0.9897882891205562 0.6546718723099467 0.9734863296516046 0.6546718723099467
2 0.9851570506350584 0.7252519468289307 1.0 0.7252519468289307 1.0 0.8098924609658832 0.9851570506350584 0.8098924609658832
4 0.7203979326599362 0.4029850313912627 0.931343183659807 0.4029850313912627 0.931343183659807 1.0 0.7203979326599362 1.0
