1 0.4998651238804522 0.23125492906817602 0.4941048606499765 0.16137902460464845 0.5928260514608382 0.1568013196282673 0.5985863146913138 0.22667722409179483
1 0.6007119965477681 0.22962196054217973 0.594371176235268 0.15904493417499221 0.6864719227230651 0.1543904906296953 0.6928127430355652 0.22496751699688278
1 0.7866760248871905 0.22294677218858833 0.7796703282726071 0.15120849093858835 0.8754611821440598 0.14594653835828666 0.882466878758643 0.21768481960828667
0 0.5354717827810099 0.2166459149374722 0.5323179936852136 0.18340009094298232 0.5574550369137444 0.18205877136170465 0.5606088260095408 0.21530459535619453
2 0.8063752519563009 0.2196367191027851 0.8061542550403216 0.21652123488403524 0.8578144581894255 0.21445994394659956 0.8580354551054047 0.21757542816534942
2 0.7191744980926926 0.22236471079343045 0.7190492528937729 0.22034197198885777 0.7640755984750015 0.21877373927988691 0.7642008436739214 0.22079647808445957
2 0.6205640463102536 0.22621784262970576 0.6203834579750818 0.22401059149077254 0.6723406492891261 0.2216194452527282 0.6725212376242979 0.2238266963916614
4 0.5009947470066675 0.2281523561988222 0.49693141969591853 0.16441639679133604 0.8733913613917705 0.1509162473168028 0.8774546887025196 0.21465220672428897
1 0.6942041021954748 0.22605631226859668 0.6880571295392248 0.1548054577764092 0.7787797845232753 0.15040285521187208 0.7849267571795253 0.22165370970405956
2 0.5253370070712615 0.22581066201878983 0.5754838564535817 0.22581066201878983 0.5754838564535817 0.23051192914838237 0.5253370070712615 0.23051192914838237
