1 0.3102324830024085 0.22821097488751504 0.3096586711534502 0.18548029251446818 0.3817610676160811 0.18493566207537557 0.3823348794650394 0.22766634444842246
1 0.22576462814092252 0.1873564171176976 0.22480116785446416 0.14119003528176008 0.29629530838251505 0.14035076672019306 0.2972587686689734 0.18651714855613055
1 0.40193815143820766 0.22707568306871737 0.4007810876361243 0.18408474678942047 0.473305419525334 0.18298678641370456 0.47446248332741736 0.22597772269300143
1 0.30504480009501145 0.2741162918290107 0.3063158775689698 0.22744044954385448 0.3810312903997802 0.2285849410811455 0.37976021292582185 0.2752607833663017
1 0.21933142992165336 0.229383211368403 0.22077609137998666 0.18635180878051238 0.2925982666909686 0.1877081272197347 0.29115360523263534 0.23073952980762533
1 0.3142403360129034 0.18454914344787382 0.31347161856498673 0.13956745399474868 0.38655082228620175 0.13886495240886718 0.38731953973411853 0.18384664186199232
4 0.3056636974834749 0.3262846285698555 0.31498372124701224 0.13798046372072104 0.3825578443921091 0.1398617723159643 0.3732378206285718 0.3281659371650988
1 0.5887819567039857 0.32457004510302473 0.5877542874331524 0.27499936639208716 0.662968271407212 0.27412226535336065 0.6639959406780453 0.3236929440642982
1 0.6851995196410724 0.32455533472865694 0.6829736081827391 0.27634757105678187 0.7594148070859764 0.2743622035193425 0.7616407185443098 0.32256996719121755
1 0.5861160690212031 0.2276231203710192 0.5842649134222448 0.1820000124608629 0.6566218761511543 0.1803485796325593 0.6584730317501125 0.2259716875427156
4 0.5912123845736382 0.32542103405614353 0.5798320072901744 0.1369080637224553 0.6516912531807807 0.1344678907887194 0.6630716304642446 0.32298086112240765
1 0.5871402657506064 0.27502441640072073 0.5861112943964397 0.22666354603939257 0.6600057936218425 0.22577915605983878 0.6610347649760092 0.2741400264211669
4 0.3997149534779096 0.3261030516775339 0.403626333622294 0.1372312225293537 0.47408568369853926 0.13805199730326273 0.47017430355415485 0.3269238264514429
1 0.4035043617194761 0.1827137105519824 0.40463621460111887 0.1374354795059436 0.4757621797303703 0.13843559747182627 0.4746303268487275 0.1837138285178651
1 0.4005767556578196 0.2739785298797191 0.40029192492865295 0.22634171957698465 0.4733986410339235 0.2260958391432058 0.4736834717630901 0.2737326494459402
1 0.584183512007836 0.18288582039177098 0.582962320601586 0.13784919929802106 0.6546730993288911 0.13675543207410054 0.655894290735141 0.18179205316785046
1 0.1319073915670153 0.23080386880114565 0.13391935445764028 0.1885776114769269 0.20588854227140535 0.1905064972267658 0.20387657938078033 0.23273275455098455
3 0.48891734804801446 0.32270433879821886 0.49597461773738605 0.2462119817923487 0.5375170869459389 0.2483679060753314 0.5304598172565673 0.32486026308120153
4 0.6895536030039737 0.32615747111667415 0.6751784133602095 0.13919241027159998 0.7458886292363959 0.13613426707314769 0.7602638188801603 0.3230993279182219
3 0.06860268238325676 0.18538015750616593 0.0732198283026903 0.12019880658865961 0.14805991842473504 0.12318080269133827 0.14344277250530152 0.18836215360884462
1 0.21388304959353827 0.27469272839333664 0.21518102322635077 0.23089367138650055 0.2889234208165729 0.23212292329296558 0.28762544718376043 0.27592198029980164
1 0.4936654498766406 0.2729922122373662 0.49402406711153857 0.22677683948443286 0.5680690737770219 0.22710003326944916 0.5677104565421239 0.27331540602238247
4 0.117581484048993 0.32955343328338754 0.1417316742672189 0.14027476304003422 0.21016250918920423 0.1451860266488375 0.18601231897097836 0.3344646968921908
3 0.052604643374212 0.27320835875940147 0.060518944755624554 0.21022761826263622 0.134210858347651 0.21543653221043704 0.12629655696623845 0.27841727270720223
3 0.6652579012841793 0.1781472490154709 0.6747819918980632 0.09945323811190974 0.7088693773616597 0.10177382618618189 0.6993452867477757 0.18046783708974307
3 0.6758326388730896 0.26959506296155095 0.6824679044561301 0.1946190289625003 0.7332544867639864 0.19714720529535898 0.726619221180946 0.2721232392944096
4 0.4978454627378457 0.3263092341415827 0.4930454315396391 0.13829381902395227 0.5625918133732403 0.13729509000323825 0.5673918445714469 0.3253105051208687
4 0.21069766337951032 0.326780954833729 0.22390827809365327 0.13862078877455747 0.2944021707942983 0.14140478959452893 0.28119155608015534 0.3295649556537005
2 0.12125952109531651 0.2689090989404084 0.1258479585766613 0.24320679589790514 0.13331294620745893 0.24395642147833602 0.12872450872611413 0.2696587245208393
2 0.13793732755360488 0.18045295267075578 0.13963319391114462 0.15643602477039933 0.14656728076312767 0.1567114387459917 0.1448714144055879 0.18072836664634814
2 0.13186540615643777 0.22399320773851725 0.13316911158067013 0.19884700217711296 0.13990533768447028 0.1990434495357423 0.13860163226023794 0.22418965509714658
2 0.21963515817186383 0.22169073514017476 0.21984962608411823 0.19589484008701294 0.22567458933557824 0.19592208136257327 0.2254601214233238 0.22171797641573507
1 0.6768415915551388 0.18233835887393782 0.7507991122195893 0.18233835887393782 0.7507991122195893 0.22517960560029626 0.6768415915551388 0.22517960560029626
2 0.21434131808970636 0.24098677040717673 0.22003353258109967 0.24098677040717673 0.22003353258109967 0.2667489480621895 0.21434131808970636 0.2667489480621895
2 0.22572574707249296 0.1533217601582618 0.23190866970969606 0.1533217601582618 0.23190866970969606 0.17768541959771672 0.22572574707249296 0.17768541959771672
2 0.314151354947413 0.1512607859458608 0.31954914455132044 0.1512607859458608 0.31954914455132044 0.17599247649467303 0.314151354947413 0.17599247649467303
2 0.3091461318601535 0.19439403196253957 0.3151327712390331 0.19439403196253957 0.3151327712390331 0.2197145722863236 0.3091461318601535 0.2197145722863236
2 0.30522046669367525 0.2398090708572333 0.3115996725892022 0.2398090708572333 0.3115996725892022 0.2666017356184466 0.30522046669367525 0.2666017356184466
2 0.3998289972057984 0.23760088420108935 0.40424537051808634 0.23760088420108935 0.40424537051808634 0.2644671551841741 0.3998289972057984 0.2644671551841741
2 0.4019881130473614 0.1921858453063954 0.40561935332635374 0.1921858453063954 0.40561935332635374 0.21787441673953675 0.4019881130473614 0.21787441673953675
2 0.40395094563060047 0.14897899306784537 0.4080728940554025 0.14897899306784537 0.4080728940554025 0.17371068361665765 0.40395094563060047 0.17371068361665765
2 0.4942412444595977 0.23760088420108935 0.49728363496361816 0.23760088420108935 0.49728363496361816 0.26409912407481684 0.4942412444595977 0.26409912407481684
2 0.5878088444570714 0.28405212747535047 0.5916745949869315 0.28405212747535047 0.5916745949869315 0.31143452706186003 0.5878088444570714 0.31143452706186003
2 0.5864128789879551 0.23685775642330753 0.5898491016811641 0.23685775642330753 0.5898491016811641 0.26303210896923573 0.5864128789879551 0.26303210896923573
2 0.5852316774371646 0.19151572416682255 0.5890974279670248 0.19151572416682255 0.5890974279670248 0.21680417554965783 0.5852316774371646 0.21680417554965783
2 0.5838357119680484 0.14794549423652362 0.5874866985795829 0.14794549423652362 0.5874866985795829 0.17226750798689383 0.5838357119680484 0.17226750798689383
2 0.6767385828287974 0.19173354268624 0.6824437254379523 0.19173354268624 0.6824437254379523 0.2166935416012925 0.6767385828287974 0.2166935416012925
2 0.6833945825394782 0.28362708971227 0.6882847047758966 0.28362708971227 0.6882847047758966 0.3108283946523476 0.6833945825394782 0.3108283946523476
0 0.5993082525476997 0.1521661771245482 0.626003417673977 0.1521661771245482 0.626003417673977 0.16190134055362643 0.5993082525476997 0.16190134055362643
0 0.4183058902356116 0.153282903425769 0.4437765065028854 0.153282903425769 0.4437765065028854 0.16228333753944507 0.4183058902356116 0.16228333753944507
0 0.3294036430719542 0.1552115678786996 0.3556089886546301 0.1552115678786996 0.3556089886546301 0.16412016082795036 0.3294036430719542 0.16412016082795036
0 0.24013403125059551 0.15750759698933126 0.2654821926319689 0.15750759698933126 0.2654821926319689 0.16650803110300727 0.24013403125059551 0.16650803110300727
