1 0.7219552139396167 0.3437877561265633 0.7210188532625335 0.24511260048691486 0.8583994138704709 0.24437929799980734 0.8593357745475543 0.34305445363945575
1 0.7184274444674122 0.24837842327411785 0.7176806996757457 0.1403879447584926 0.8552097144258708 0.1398530065792694 0.8559564592175375 0.2478434850948947
1 0.7252368164481742 0.4352658506510983 0.7249112956148409 0.341878338444067 0.8570668944893258 0.34161922014968304 0.8573924153226591 0.4350067323567143
2 0.8486904368021837 0.21768162911676092 0.8486171946146835 0.16227241891168304 0.8549026858301926 0.16226774542405356 0.8549759280176927 0.21767695562913145
0 0.7764984538714055 0.4005477400801719 0.7764463705380722 0.3781093245528282 0.8377007648785945 0.37802934732217175 0.8377528482119279 0.4004677628495155
1 0.7081940103977148 0.14388610886907427 0.7080325562749418 0.017891518606018664 0.8557720850195714 0.017785026730225077 0.8559335391423444 0.14377961699328068
2 0.8483538304486121 0.31566484700008746 0.8482051736202715 0.26394168933279627 0.8562787235262113 0.2639286370374254 0.8564273803545519 0.31565179470471655
2 0.8486340801594678 0.40627595869560773 0.8486562155761346 0.35855928389092034 0.8554672956925623 0.3585610611717039 0.8554451602758956 0.4062777359763913
2 0.8476277002726456 0.11174994847824234 0.8474421722980456 0.0488072290821282 0.8551594782079021 0.0487944337329033 0.855345006182502 0.11173715312901743
4 0.7220839028766196 0.43483495184301224 0.7167040092252043 0.020802061610921043 0.8463798073184445 0.019854253753401444 0.8517597009698599 0.4338871439854926
