3 0.6779294592988241 0.525702011896967 0.6716462561738238 0.33635313494384195 0.7753888501878858 0.3344167219147078 0.7816720533128861 0.5237655988678329
1 0.41225535927808254 0.3786767612788491 0.4112648976989826 0.23498259108917977 0.6204316525213284 0.23417160450477806 0.6214221141004284 0.3778657746944474
4 0.4269028157122877 0.6949900625068482 0.4151480077673348 0.08470054294666671 0.6157952543959198 0.08252666399670933 0.6275500623408727 0.6928161835568909
1 0.6766490181589064 0.2260144160719821 0.6691828804288432 0.07998832464703778 0.8753806239851941 0.07405808872054354 0.8828467617152573 0.22008418014548786
1 0.417857221568877 0.6954822652377657 0.41788201131328634 0.5346521667303616 0.6330702699309035 0.5346708239025206 0.6330454801864942 0.6955009224099247
0 0.45376566453067047 0.16900985545484196 0.4518221423952538 0.1405438215192951 0.5240038667193294 0.13777169972093928 0.525947388854746 0.16623773365648614
1 0.41213263762261076 0.23141036301221388 0.40569359653708187 0.08778656671939547 0.6119064339552626 0.08258621138964206 0.6183454750407914 0.2262100076824605
4 0.1615087832110337 0.694976500913032 0.16910281537635471 0.09438558097202644 0.36125637791589754 0.09575225404510035 0.35366234575057653 0.6963431739861059
1 0.6777572792174814 0.3702118190421636 0.6783587246568717 0.21929729659312716 0.894982539244738 0.2197829136452075 0.8943810938053475 0.37069743609424394
1 0.1538802834769841 0.5345771674473562 0.15498001222885077 0.38653988586415894 0.36200181296388867 0.38740495952029746 0.36090208421202197 0.5354422411034947
1 0.4166594582971928 0.5293920772761852 0.4153834300687876 0.3834656236762329 0.625471761198209 0.38243226590023666 0.6267477894266141 0.528358719500189
3 0.1381459548244847 0.7196689719023256 0.14223034832060552 0.5321461797948953 0.23275480423153208 0.533255257474622 0.22867041073541122 0.7207780495820523
1 0.698227606581006 0.6956435093751624 0.6897095290432587 0.5300920723035304 0.910881124547298 0.5236908853458779 0.9193992020850454 0.6892423224175099
0 0.7240352368874836 0.1597757966066877 0.7234366040749836 0.13033701486840643 0.7987587084250163 0.12947545461401547 0.7993573412375162 0.1589142363522967
4 0.7078019206262894 0.6913358165537946 0.6787731120325392 0.0799474803721538 0.879066290061564 0.07459813366279001 0.9080950986553143 0.6859864698444309
2 0.15428176882174824 0.5017448299768401 0.15455867480644322 0.4223218455080933 0.16371533166164437 0.4223398029969579 0.16343842567694938 0.5017627874657047
2 0.4111873323257899 0.20161723155431335 0.4079777002070647 0.12444821627216039 0.4177285079577542 0.12422008993914377 0.4209381400764794 0.20138910522129672
2 0.6749094648165009 0.1924906537590064 0.6714568626784122 0.11571603235221203 0.6811911704138502 0.11546979357258737 0.6846437725519389 0.19224441497938172
2 0.41762648541648417 0.6518031072572505 0.4172827507091168 0.5689199821520168 0.42527392566965017 0.5689013402408559 0.4256176603770175 0.6517844653460896
2 0.4143124071735379 0.3472098456429994 0.4098046760537462 0.26741718206878057 0.41999068151595437 0.2670934978901821 0.4244984126357461 0.34688616146440093
2 0.4166278504584595 0.4967889296304294 0.41387258618606926 0.4168627699049199 0.4233859044742206 0.41667829857950284 0.4261411687466109 0.4966044583050124
2 0.6779572569070134 0.2590250991278741 0.6921531910929217 0.2590250991278741 0.6921531910929217 0.34009402328239946 0.6779572569070134 0.34009402328239946
2 0.6913137964836507 0.5658507381180558 0.7082068027887022 0.5658507381180558 0.7082068027887022 0.6500558772386207 0.6913137964836507 0.6500558772386207
