1 0.7862263183144258 0.755941785311274 0.7865220539915091 0.6713906378503365 0.9017876790814079 0.6716174187902887 0.9014919434043245 0.7561685662512262
4 0.8052866220878143 0.9512941460169864 0.784575847348231 0.5846303276576114 0.8901248362455193 0.5812767768345759 0.9108356109851026 0.9479405951939509
1 0.7904981281891669 0.8490428757695156 0.7907041828766669 0.7582633347538906 0.9128452962899998 0.7584192824336097 0.9126392416024998 0.8491988234492346
1 0.7988874512255049 0.9525986657884619 0.7987212728400882 0.8504485193040868 0.9228542479932451 0.8503349279615381 0.9230204263786618 0.9524850744459131
1 0.7801062826221589 0.6690257333296699 0.7803461914763256 0.5885604012984198 0.8915917968049244 0.5887469717484553 0.8913518879507577 0.6692123037797053
2 0.7817287705825748 0.6512172539101121 0.7818688955944614 0.6064372397281359 0.7894179495111446 0.6064505273264124 0.7892778244992581 0.6512305415083885
2 0.7942784148218114 0.8264057295519054 0.7944412473709935 0.7755986465664303 0.8006279660569463 0.7756097997758349 0.8004651335077643 0.8264168827613101
2 0.7870689589973988 0.7366184641178348 0.7870785580581678 0.6872624159972287 0.7951567942796531 0.6872632997431805 0.7951471952188841 0.7366193478637866
2 0.7994158893496927 0.8717064887736448 0.8104798202602326 0.8717064887736448 0.8104798202602326 0.9288076237271942 0.7994158893496927 0.9288076237271942
0 0.8031663744041131 0.6168610293257848 0.8537979226387876 0.6168610293257848 0.8537979226387876 0.6373949349987349 0.8031663744041131 0.6373949349987349
