1 0.43426550298065997 0.5197550549199512 0.43480952967336833 0.40237682005667 0.6019744058735066 0.4028126330683299 0.6014303791807982 0.5201908679316112
1 0.4316208902108861 0.6399137065913741 0.43262512198171943 0.5231319683101242 0.5934276123932805 0.5239097797367509 0.5924233806224471 0.640691518018001
1 0.4389475096921426 0.2656806119257816 0.44004777010880924 0.1324418729121097 0.6180240886151491 0.13326857630664032 0.6169238281984825 0.26650731532031213
4 0.43421207738494144 0.6374111182903666 0.45388938556415503 0.12897214999569467 0.603512675455731 0.13222938118839977 0.5838353672765173 0.6406683494830717
1 0.4362144369465064 0.3980713954337611 0.43700716155588143 0.27049638322672986 0.6112547199545352 0.2711054234138952 0.6104619953451602 0.3986804356209265
2 0.6049087657021044 0.24270480241567086 0.6049069283456338 0.1701351732591387 0.6158054175649563 0.17013501804640607 0.6158072549214271 0.2427046472029382
2 0.5959249391768706 0.372328398934745 0.5958871921687783 0.30292495628715516 0.6080237761539926 0.30292124332508163 0.608061523162085 0.3723246859726715
2 0.5900964204456424 0.49391456614492424 0.5901891204640609 0.4295163675755634 0.6014215431593192 0.4295254625622292 0.6013288431409006 0.49392366113159003
0 0.4928247073079518 0.6008973273039295 0.4926582034017018 0.571134021639867 0.5686059567545482 0.570895031094508 0.5687724606607982 0.6006583367585705
2 0.5835460466830062 0.6117993068615253 0.5835263910678308 0.5498400178044927 0.5938927132800729 0.5498381679931189 0.5939123688952483 0.6117974570501515
