3 0.1712128868578468 0.2707698237284153 0.1615695763109718 0.17073494213661844 0.29094295115484853 0.16371970874228783 0.30058626170172353 0.2637545903340847
3 0.29104409868073366 0.2678386076558264 0.286090810920317 0.17182218919879516 0.4133575940275996 0.1681291352640955 0.41831088178801623 0.26414555372112675
3 0.41313484700973957 0.26446936056081 0.4109018554732812 0.16135218831959908 0.5429272460892187 0.1597440030866509 0.5451602376256771 0.26286117532786185
0 0.4643875325334289 0.24339106606116648 0.4637881672990539 0.19700431679358835 0.49724837241448777 0.1967611251009429 0.49784773764886275 0.24314787436852103
2 0.09263386757851139 0.27082129476294176 0.09247188994909289 0.26532566363136134 0.1572553266591555 0.2642516149316564 0.157417304288574 0.2697472460632368
2 0.21047333081365874 0.2679739456929817 0.21035319728167223 0.2622852339582242 0.27355074072335905 0.26153452250384956 0.27367087425534553 0.2672232342386071
2 0.4458368980175748 0.2646468137564471 0.4459045299444077 0.25735091851082215 0.5100473411342226 0.2576853781273667 0.5099797092073897 0.2649812733729916
4 0.04098023178443495 0.3383488909057708 0.039163160636443116 0.27114410901168634 0.5424408857119148 0.2634898704748311 0.5442579568599067 0.33069465236891554
3 0.04059708311146463 0.27831372303733337 0.026327704449355244 0.17965939564475525 0.16668557578339213 0.16823986582985412 0.1809549544455015 0.26689419322243224
2 0.326029470501002 0.26650743271722105 0.32605275417142304 0.2600522742532474 0.39174513681983614 0.2601855594986607 0.391721853149415 0.26664071796263433
