4 0.2307717425406536 0.7773164103474308 0.23002886035415682 0.6838139918719447 0.7448323998699268 0.6815132857327445 0.7455752820564236 0.7750157042082306
3 0.48059926133559616 0.819817113201309 0.48067970606333627 0.7764106986525562 0.621135137287042 0.7765571201137862 0.6210546925593018 0.8199635346625389
3 0.6153038033100853 0.7947603865653128 0.6157342517269486 0.7632462911922699 0.769250190885553 0.7644257757802914 0.7688197424686898 0.7959398711533341
3 0.3370250015440978 0.8159694349372094 0.3370525767211582 0.7766798571066397 0.48360332856345456 0.7767377135223573 0.4835757533863942 0.8160272913529271
3 0.23577258326429418 0.604093714252721 0.2351133581923763 0.5721179559570092 0.38709415382937656 0.5703554763348169 0.3877533789012944 0.6023312346305286
2 0.3882354239866001 0.7807551826451131 0.388322943947663 0.7759749187315537 0.45593693375747335 0.7766712474903082 0.4558494137964105 0.7814515114038677
3 0.5104957494454637 0.5943952264230059 0.5083118420065227 0.5389569458482539 0.637042154964285 0.536104431567351 0.639226062403226 0.591542712142103
3 0.6346638831321239 0.6229984455890869 0.6349036258917135 0.5847531065566725 0.7894657592216547 0.5852981016786117 0.789226016462065 0.6235434407110262
2 0.5152285836732611 0.7816171619616212 0.5152546677232218 0.7763243750905788 0.5837966058548327 0.7765143820571319 0.5837705218048721 0.7818071689281743
3 0.19267164251622992 0.7857343408632075 0.19318441210046758 0.7450205206342646 0.35513416233825273 0.7461678370594192 0.3546213927540151 0.7868816572883622
4 0.26851108230986803 0.5946908277259152 0.2649961914205771 0.5096623418005651 0.7520550538876682 0.49833699840503476 0.7555699447769592 0.5833654843303848
2 0.6606073370658275 0.589575186595698 0.6608108967678997 0.5835946701993551 0.7260816130365885 0.584844336408074 0.7258780533345163 0.5908248528044169
3 0.37673548945373075 0.5979701159403648 0.37489952183940517 0.5472119662204796 0.5075165588494402 0.5445137230841344 0.5093525264637658 0.5952718728040195
