1 0.7623412667561332 0.22167451869036067 0.7600435779540499 0.16272410975481374 0.840511148285803 0.16095990982432806 0.8428088370878863 0.219910318759875
1 0.5561088824544868 0.2845089333651299 0.5554130002930284 0.223258963882708 0.6379737938792707 0.2227313378530524 0.638669676040729 0.2839813073354743
1 0.5535445112223388 0.22261474084644012 0.5532567508056722 0.1651785531022995 0.6357925349923309 0.16494595281010724 0.6360802954089976 0.22238214055424785
1 0.7647021179573891 0.27984421994439224 0.7636962585823891 0.22143511655083767 0.8447401682626117 0.22065006235506537 0.8457460276376118 0.27905916574861994
1 0.4479634242045667 0.22750059662874267 0.4462178187358167 0.16773637543733647 0.5297104161435207 0.16636462430266272 0.5314560216122707 0.22612884549406892
4 0.771610407528639 0.3420471211771135 0.7603074410550367 0.10018755580747825 0.8352444860249707 0.09821763729539576 0.846547452498573 0.34007720266503105
4 0.2523450507607375 0.3551286365993007 0.24079288519993078 0.11321467211964892 0.31808884302438634 0.1111384119358349 0.3296410085851931 0.35305237641548665
4 0.4580877181884182 0.3493843224843477 0.4481217128658206 0.10581920325514099 0.5236952782490969 0.10407980728396085 0.5336612835716945 0.34764492651316753
4 0.6692138252087425 0.344798336917927 0.6580420629912773 0.10269180824804934 0.7323095542611994 0.10076412149337412 0.7434813164786646 0.34287065016325174
1 0.3435861484466168 0.22773608854516403 0.34366093685807514 0.16955099943383595 0.42674359825206415 0.16961106914332102 0.4266688098406058 0.2277961582546491
1 0.44660376143592795 0.16736591098121173 0.4459008091355391 0.10548124014006063 0.5286793910619904 0.10495232831083173 0.5293823433623792 0.1668369991519828
1 0.3464070993079885 0.28917525295111424 0.3469378526541475 0.2280916256061086 0.43109696441567963 0.22850295674862184 0.43056621106952064 0.2895865840936275
3 0.17596392169988748 0.2923829910499529 0.17426371572888982 0.2191394812002664 0.2466460801106444 0.21819435961600922 0.24834628608164205 0.2914378694656958
1 0.24252155080163607 0.23202634993083138 0.24064894479321575 0.17408818711146573 0.3226956060185471 0.1725965432948682 0.3245682120269674 0.23053470611423385
3 0.8562395031150184 0.15711697349827897 0.8604985810393496 0.06477935136194207 0.9153959956634041 0.06620368364646204 0.9111369177390728 0.15854130578279896
4 0.35531038411121085 0.3533675817081884 0.34240568001068256 0.10834596392879643 0.41894838518159117 0.10607834548044051 0.43185308928211946 0.35109996325983245
3 0.16290148651258496 0.17042844533590704 0.16543179131127458 0.09156922682279746 0.24626560237826106 0.09302816185209788 0.24373529757957144 0.17188738036520745
1 0.6601995669742965 0.27997654304756225 0.660879417234713 0.2238669849420935 0.7433953888242673 0.22442937413211136 0.7427155385638508 0.28053893223758014
1 0.45037936191639216 0.28737179361962933 0.45106824537993384 0.22603040873193406 0.5342643090713531 0.226555962904622 0.5335754256078115 0.2878973477923173
4 0.8762821979998086 0.3398876184047647 0.8631934539128211 0.10038942951030683 0.9337763927583701 0.0982196379950002 0.9468651368453577 0.3377178268894581
1 0.8656731571728062 0.21574052965224863 0.8610094201936396 0.1655808311659205 0.9406200215926269 0.1614171969985244 0.9452837585717936 0.2115768954848525
4 0.563530360477366 0.34780639377442524 0.5526558427977798 0.10306698915996085 0.6290964637311847 0.10115646366504848 0.6399709814107709 0.3458958682795129
1 0.7606584675128214 0.16175137765664446 0.7568461190859341 0.1002393902385779 0.8374396492426475 0.09742971882607952 0.8412519976695346 0.15894170624414608
1 0.34202583515410706 0.16888311506779108 0.3413329783316307 0.107423751722589 0.4241047026441422 0.10689887178872984 0.4247975594666186 0.1683582351339319
3 0.6636626156928085 0.3420014149478353 0.6593168580082609 0.268793639967102 0.7206007754554168 0.2667473020804352 0.7249465331399644 0.33995507706116856
1 0.8706630121344274 0.34078770610994935 0.8686962152594274 0.27651231548494937 0.9497687172661673 0.2751168763845378 0.9517355141411673 0.33939226700953784
2 0.24190140243246855 0.22008372913140875 0.24101139991725457 0.18796734988422717 0.24463361253032337 0.18791088725186764 0.24552361504553735 0.22002726649904925
1 0.5527377230371202 0.16523640841955411 0.5489408266948724 0.10351491943019081 0.6314581942188305 0.10065956359658612 0.6352550905610784 0.16238105258594943
2 0.23794679801002488 0.16124654399404503 0.23658087190325405 0.1283395005370138 0.2421351518597668 0.12820981586923627 0.24350107796653764 0.16111685932626754
3 0.8710643019303089 0.27443300696371914 0.8585383297666656 0.20519860009580004 0.9301652744327921 0.19790925654468003 0.9426912465964356 0.26714366341259915
2 0.24240679954754477 0.2802434753449005 0.2411612193152827 0.24733717266059113 0.24755575106562638 0.24720102070177624 0.24880133129788848 0.28010732338608557
0 0.35907563644266477 0.13189180985824706 0.3880019920609336 0.13189180985824706 0.3880019920609336 0.1440426466123569 0.35907563644266477 0.1440426466123569
0 0.46441234488556626 0.1286221301498684 0.49339761365173385 0.1286221301498684 0.49339761365173385 0.13975671510272542 0.46441234488556626 0.13975671510272542
0 0.5682762246309999 0.12619196279904643 0.5982041037635468 0.12619196279904643 0.5982041037635468 0.1377242115002198 0.5682762246309999 0.1377242115002198
0 0.7779481180025245 0.12340831656083218 0.8059907764023126 0.12340831656083218 0.8059907764023126 0.1349405652620055 0.7779481180025245 0.1349405652620055
0 0.19560567859893452 0.12894374334635286 0.22224645200320656 0.12894374334635286 0.22224645200320656 0.14586423456257971 0.19560567859893452 0.14586423456257971
1 0.7671738852232401 0.34211659963054414 0.7655355020152678 0.28141436933677677 0.8466925487429915 0.28018223062733943 0.848330931950964 0.34088446092110686
2 0.3416889423277229 0.12440512410170922 0.3461366544407178 0.12440512410170922 0.3461366544407178 0.15737051976272995 0.3416889423277229 0.15737051976272995
2 0.34391279838422034 0.18395868114408895 0.3483605104972151 0.18395868114408895 0.3483605104972151 0.2169240768051097 0.34391279838422034 0.2169240768051097
2 0.34652909962715844 0.24429712855935012 0.35136925692659404 0.24429712855935012 0.35136925692659404 0.2769681903305403 0.34652909962715844 0.2769681903305403
2 0.45052707403395 0.2415500122542651 0.45471315602265117 0.2415500122542651 0.45471315602265117 0.27402485143223493 0.45052707403395 0.27402485143223493
2 0.44699506735598354 0.18121156483900386 0.45262011502830063 0.18121156483900386 0.45262011502830063 0.21456940568646535 0.44699506735598354 0.21456940568646535
2 0.4455561016723676 0.12205045298306488 0.4501346288475093 0.12205045298306488 0.4501346288475093 0.15481962605086527 0.4455561016723676 0.15481962605086527
2 0.5506005965763344 0.11910711408475945 0.5553099388136231 0.11910711408475945 0.5553099388136231 0.150895174186458 0.5506005965763344 0.150895174186458
2 0.5530860827571257 0.17836633723730866 0.5576646099322675 0.17836633723730866 0.5576646099322675 0.2113317328983294 0.5530860827571257 0.2113317328983294
2 0.5557023840000638 0.23899911854240036 0.5605425412994995 0.23899911854240036 0.5605425412994995 0.2717682916102008 0.5557023840000638 0.2717682916102008
2 0.6616625843390591 0.2964923383559663 0.6653254060791726 0.2964923383559663 0.6653254060791726 0.32896717753393606 0.6616625843390591 0.32896717753393606
2 0.6610085090283245 0.23635011353392546 0.6651945910170257 0.23635011353392546 0.6651945910170257 0.2689230640085054 0.6610085090283245 0.2689230640085054
2 0.7575500248927426 0.1157713300000133 0.7629134424407655 0.1157713300000133 0.7629134424407655 0.14863861436442388 0.7575500248927426 0.14863861436442388
2 0.7605587713221214 0.17483433055934214 0.7655297436837037 0.17483433055934214 0.7655297436837037 0.20740728103392217 0.7605587713221214 0.20740728103392217
2 0.7633058876272062 0.2342897763051117 0.7682768599887888 0.2342897763051117 0.7682768599887888 0.26666650418647136 0.7633058876272062 0.26666650418647136
2 0.7660530039322915 0.2936471107542711 0.7706315311074331 0.2936471107542711 0.7706315311074331 0.32612194993224086 0.7660530039322915 0.32612194993224086
2 0.8692660879662015 0.2923716638983387 0.8751527657628123 0.2923716638983387 0.8751527657628123 0.32386539011020676 0.8692660879662015 0.32386539011020676
2 0.8631177800452972 0.17385321759324035 0.8691352729040549 0.17385321759324035 0.8691352729040549 0.20564127769493887 0.8631177800452972 0.20564127769493887
