1 0.1270539535450614 0.3943192568318319 0.12685350831983813 0.3157707165696593 0.23724533824036753 0.3156122575166359 0.2374457834655908 0.39416079777880847
1 0.36523630904010257 0.17944497952306476 0.3665077314571751 0.10981211531105155 0.4733369953951434 0.11090932180126647 0.4720655729780709 0.1805421860132797
1 0.26286426051973777 0.1801767949748047 0.26401606211824813 0.10962787942063032 0.3643456729077938 0.11054925986159654 0.3631938713092834 0.18109817541577092
4 0.04909718861424314 0.17662808156302268 0.04890531516577289 0.11214094302915786 0.47261880557934544 0.11143179550207295 0.4728106790278157 0.17591893403593775
1 0.23813610839985677 0.3923385313461372 0.23889445112960536 0.3132454987182981 0.34933683393926745 0.31384114110414923 0.34857849120951884 0.39293417373198836
1 0.159535461358455 0.17931834766881624 0.16082593557098707 0.11122396300569654 0.2637124741396004 0.11232074197420752 0.26242199992706833 0.18041512663732723
1 0.007906384753787002 0.39384761519027545 0.01465267866911897 0.31288526564440433 0.13151686771993096 0.31836281288350954 0.124770573804599 0.39932516242938065
1 0.351153838623038 0.3912620492560331 0.35103657413173595 0.3118298071744953 0.46432546715341927 0.3117357310187051 0.46444273164472133 0.39116797310024287
2 0.1489479326595689 0.3938658902508408 0.14891661253578697 0.3901904084375086 0.2097637497256784 0.389898751797506 0.20979506984946034 0.3935742336108382
4 0.007950995692713306 0.3917568959043985 0.006948646494467368 0.31974652760785127 0.46316625144740137 0.31617446894783674 0.4641686006456473 0.38818483724438396
0 0.04887483665392363 0.3802336508319467 0.05161488792345488 0.341617256788978 0.07899672503227428 0.3427101357891471 0.07625667376274303 0.38132652983211585
1 0.04862266542671736 0.17927787533075487 0.051678878805623565 0.10755158748895788 0.1624632185220043 0.11020684238453007 0.1594070051430981 0.18193313022632707
2 0.0364705602833731 0.39515826195313974 0.03643170611902872 0.3916364112141118 0.09696373260353416 0.3912607690213653 0.09700258676787854 0.3947826197603933
2 0.262068818202863 0.3927118885742583 0.2620961195852482 0.38851315033916667 0.32286223270318865 0.38873540446017646 0.3228349313208035 0.3929341426952681
2 0.2841850845884005 0.18020295873691283 0.28426121311698105 0.1760410806916614 0.34127736950441456 0.17662772998188397 0.34120124097583404 0.1807896080271354
2 0.180219976217603 0.1802678208410385 0.18028752707376763 0.17631253932840857 0.2371239995747209 0.1768585524772044 0.23705644871855627 0.18081383398983433
2 0.07582650334971525 0.18092281266841342 0.07566199823317869 0.17593685252520022 0.13300371489647006 0.17487265112767114 0.1331682200130066 0.17985861127088434
2 0.38876293780770715 0.18052155503614586 0.38876889196553144 0.17677990896597645 0.4440922680207747 0.17682942990134898 0.44408631386295044 0.1805710759715184
0 0.0885046592401053 0.1640239529190135 0.09072285992369905 0.13043160672760726 0.11587670876119678 0.13136590914153337 0.11365850807760304 0.16495825533293962
2 0.37471392856156366 0.3874379743640992 0.4345845595358046 0.3874379743640992 0.4345845595358046 0.39121830681267794 0.37471392856156366 0.39121830681267794
