4 0.6844807035279856 0.6141353438612838 0.7730180156125357 0.6137076273778558 0.7754923919249896 0.9018178193078729 0.6869550798404397 0.9022455357913007
0 0.720216184281618 0.8593150602031799 0.7648269596328539 0.8593150602031799 0.7648269596328539 0.8766017356517838 0.720216184281618 0.8766017356517838
1 0.6822970252330621 0.8291118574271734 0.7779623545973793 0.8291118574271734 0.7779623545973793 0.9026246879400011 0.6822970252330621 0.9026246879400011
1 0.6818502996592979 0.757302769259785 0.7777123474384288 0.757302769259785 0.7777123474384288 0.8268657235600865 0.6818502996592979 0.8268657235600865
1 0.6815539718454517 0.6861840939367871 0.777416019624583 0.6861840939367871 0.777416019624583 0.7549691877257445 0.6815539718454517 0.7549691877257445
1 0.6806649884039137 0.6137319434514816 0.776823363996892 0.6137319434514816 0.776823363996892 0.6846283729141095 0.6806649884039137 0.6846283729141095
2 0.7715729886374251 0.6320757050845391 0.776725922594526 0.6320757050845391 0.776725922594526 0.6701706096959471 0.7715729886374251 0.6701706096959471
2 0.7735710650697708 0.7021135421340845 0.7778827036869358 0.7021135421340845 0.7778827036869358 0.7402084467454939 0.7735710650697708 0.7402084467454939
2 0.7742020365747223 0.7734133221935339 0.7776723798519521 0.7734133221935339 0.7776723798519521 0.8117448411192992 0.7742020365747223 0.8117448411192992
2 0.7733607412347877 0.8447919736910932 0.7783033513569034 0.8447919736910932 0.7783033513569034 0.8843854356267601 0.7733607412347877 0.8843854356267601
