1 0.1696939542889595 0.7788349501788616 0.3080255314707756 0.7788349501788616 0.3080255314707756 0.8789722807705402 0.1696939542889595 0.8789722807705402
4 0.16784411692550388 0.4672510504549215 0.2975343295596379 0.4672510504549215 0.2975343295596379 0.8801064764152358 0.16784411692550388 0.8801064764152358
1 0.1640367284417171 0.6748521835187161 0.30656122416258047 0.6748521835187161 0.30656122416258047 0.7740660845671958 0.1640367284417171 0.7740660845671958
1 0.1618422418832789 0.4673540480434886 0.3030266887892097 0.4673540480434886 0.3030266887892097 0.568405459422701 0.1618422418832789 0.568405459422701
0 0.21321289613842975 0.8176459530368447 0.27949992022750103 0.8176459530368447 0.27949992022750103 0.8442381164059043 0.21321289613842975 0.8442381164059043
1 0.1668320447206486 0.5721421823061918 0.3039510697126369 0.5721421823061918 0.3039510697126369 0.6704276873758548 0.1668320447206486 0.6704276873758548
2 0.2964726705595653 0.49325576032656604 0.3028098637505143 0.49325576032656604 0.3028098637505143 0.5470315800397288 0.2964726705595653 0.5470315800397288
2 0.2975257042321789 0.5947844255998276 0.3041468792725217 0.5947844255998276 0.3041468792725217 0.6502100682762458 0.2975257042321789 0.6502100682762458
2 0.2983800493986748 0.696344707267022 0.3043604655641457 0.696344707267022 0.3043604655641457 0.7511295910685681 0.2983800493986748 0.7511295910685681
2 0.29773929052380294 0.797424419778062 0.3047876381473936 0.797424419778062 0.3047876381473936 0.8555732876726856 0.29773929052380294 0.8555732876726856
