3 0.04732302341846943 0.6430670043612914 0.04694245791372821 0.5650631823440013 0.14310133763115152 0.5647992908089157 0.14348190313589274 0.6428031128262057
4 0.14410102751399398 0.8438668747207714 0.1432249019149926 0.5650632653034552 0.22655342578878257 0.5649159715961103 0.22742955138778398 0.8437195810134265
3 0.06098157845356746 0.7165003492185048 0.06007719973878203 0.6366074144803681 0.14213915337470637 0.6360848903675917 0.14304353208949178 0.7159778251057284
3 0.08091472368713211 0.7897502904371989 0.0807577412652571 0.7042296605543864 0.14173302208109706 0.704166701750301 0.14189000450297207 0.7896873316331136
2 0.12188976027448926 0.6916608626063288 0.1217925516156351 0.6499592024500788 0.1543367615354066 0.649916529971796 0.15443397019426075 0.691618190128046
2 0.12298291017296703 0.6225415113701002 0.12289855958702953 0.5848873365654126 0.1554604695470851 0.5848463060127123 0.15554482013302257 0.6225004808173997
2 0.12211668911828123 0.7637404360161074 0.12195757046593748 0.7228200258598574 0.15518104037390626 0.7227473569526425 0.15534015902625 0.7636677671088925
3 0.07000903578766873 0.8669894528647305 0.06969964858063749 0.777743725325668 0.1423276137891542 0.7776020998696445 0.14263700099618545 0.8668478274087069
2 0.12284786971049112 0.8359753175123891 0.12253770939148069 0.7896305909498891 0.15452987687154016 0.7895101561204234 0.1548400371905506 0.8358548826829234
0 0.07929930932481404 0.5929919721588507 0.1237366514705586 0.5929919721588507 0.1237366514705586 0.6113752773917628 0.07929930932481404 0.6113752773917628
