1 0.7477582994237602 0.68574668655206 0.7420298295050433 0.6116892421154592 0.8377290509700227 0.6075253367847763 0.8434575208887397 0.681582781221377
1 0.6526104910594596 0.6895448857655812 0.6465309012157096 0.6143214970937062 0.740675519682728 0.6100415400156689 0.7467551095264781 0.685264928687544
1 0.8434564595405648 0.6822790113965409 0.8397974426134815 0.6084217115918534 0.9418978698865185 0.6055764573534591 0.9455568868136018 0.6794337571581466
4 0.5561682998750611 0.6892570373462218 0.5513660537813111 0.6212725402759093 0.9401539657499388 0.6058246276928407 0.9449562118436888 0.6738091247631532
2 0.8817027007302295 0.679968891220853 0.8816097666948334 0.6746443533469234 0.9192681832047448 0.674274629505838 0.9193611172401409 0.6795991673797678
2 0.7700819772114041 0.6851512874701084 0.7699738350001311 0.6815604954610478 0.8217274125709965 0.6806837613597839 0.8218355547822696 0.6842745533688446
2 0.6742301891866354 0.6876833890116991 0.6741174884250508 0.6839627890602833 0.7256420042743016 0.6830848784028825 0.7257547050358862 0.6868054783542983
1 0.5553967671882768 0.691337368478749 0.5509656962247351 0.616956509103749 0.6449015726554732 0.6138087496853135 0.6493326436190149 0.6881896090603135
0 0.5892080500506988 0.6787945188098967 0.5870503352069487 0.6450922483020842 0.6124942611472179 0.6441759401744782 0.6146519759909679 0.6778782106822907
2 0.5803660504546312 0.6902722016298548 0.5802374629445893 0.6876221278490176 0.6304875916112114 0.6862506129608942 0.6306161791212532 0.6889006867417314
