1 0.12991329454025446 0.8286369808282891 0.12949410508712952 0.7146634700861019 0.3013600466490144 0.7143079052786167 0.3017792361021393 0.828281416020804
1 0.1363299662348956 0.9442735001443122 0.13579045614374977 0.8312631241677497 0.3042119750899742 0.8308108504416253 0.30475148518112005 0.9438212264181878
4 0.13763804601039809 0.9468627642481312 0.13334482859233956 0.46187312712989737 0.29138339314706246 0.4610861972664412 0.295676610565121 0.946075834384675
1 0.12054630021920981 0.5908975290340163 0.12116515601348059 0.4587481454890945 0.3035536009095595 0.4592285910302207 0.3029347451152888 0.5913779745751425
1 0.12563035581973045 0.7118191333583982 0.12553664650983448 0.5919735523037106 0.30334098725083325 0.5918953489099734 0.3034346965607292 0.711740929964661
2 0.12202381582874629 0.6856537000504268 0.12214187296602641 0.6185581665030074 0.13261681578991763 0.6185685339739089 0.13249875865263752 0.6856640675213282
2 0.12774452341692624 0.8039400357332802 0.12757275014218666 0.7404656704989052 0.13842733464048998 0.7404491473445726 0.13859910791522956 0.8039235125789476
2 0.11523857766875417 0.5586240684787047 0.1153114333002646 0.4934706260958922 0.12843228942995155 0.493478879069583 0.1283594337984411 0.5586323214523956
2 0.13276329963986583 0.917389772036101 0.13303734749142831 0.854382447817351 0.1447593437824386 0.8544111265180562 0.1444852959308761 0.9174184507368062
0 0.14285716317953517 0.5073530133508491 0.23004204953175153 0.5073530133508491 0.23004204953175153 0.542804699066359 0.14285716317953517 0.542804699066359
