1 0.44727579752681124 0.5143074343647531 0.44703710937576957 0.42661807279248753 0.5719691569002721 0.4264267880473562 0.5722078450513137 0.5141161496196218
1 0.4462792155185829 0.4254673984480746 0.4461815592685829 0.3362606723738558 0.567176839168917 0.33618616600505036 0.5672744954189171 0.4253928920792691
1 0.4481650390882652 0.6057358571723944 0.44821777346326525 0.5163708669380194 0.5786671549221515 0.5164141672416681 0.5786144205471514 0.6057791574760432
4 0.46181057706378076 0.7027201803850484 0.4516331779902248 0.3358309066363069 0.5627665615931087 0.33409682773869426 0.5729439606666646 0.7009861014874357
1 0.45598828125331703 0.7007575672977473 0.456278564456442 0.6078510731571223 0.5821346028612663 0.6080722666866277 0.5818443196581413 0.7009787608272527
2 0.4450066710675061 0.4069749086218546 0.4448010232810477 0.3597974794226362 0.4521896006295223 0.35977936297184704 0.4523952484159806 0.40695679217106545
2 0.45003931411274534 0.5879224912385999 0.4498947828627453 0.537822149441725 0.4573863471537028 0.537809992730297 0.4575308784037028 0.5879103345271717
2 0.4480571272356257 0.4945498493935468 0.44783072749604236 0.4472516316201097 0.4554675901725372 0.4472310694638816 0.4556939899121205 0.4945292872373186
0 0.46385387331457634 0.3668620893577013 0.5217594159753973 0.3668620893577013 0.5217594159753973 0.38903381687651567 0.46385387331457634 0.38903381687651567
2 0.45417625386119487 0.6429494392015428 0.4573073673674948 0.6429494392015428 0.4573073673674948 0.6785452559047424 0.45417625386119487 0.6785452559047424
