4 0.40786672192431916 0.7486124758344676 0.41781978618220744 0.3342420848322981 0.5579777449011409 0.33613577264112227 0.5480246806432527 0.7505061636432916
1 0.4054058375833127 0.7489836773080154 0.40591556798518225 0.6561135952933492 0.550582071988776 0.6565602328316502 0.5500723415869064 0.7494303148463164
2 0.40776995748457195 0.632906320203494 0.4080350926759468 0.5792497109854229 0.4142149163180402 0.5792668878052162 0.41394978112666536 0.6329234970232873
1 0.40772875991513946 0.6554876356291388 0.40813810236305614 0.5589366102385138 0.5562509764129855 0.559289830191174 0.5558416339650688 0.6558408555817989
1 0.40629638670722557 0.4539876185542254 0.40644978270799836 0.338291573027618 0.5714145451008379 0.33841460252072797 0.5712611491000651 0.4541106480473354
2 0.4084720609200668 0.5333429539669192 0.4086965390438789 0.47738112332077937 0.4148774432347586 0.47739506954519906 0.4146529651109465 0.5333569001913391
2 0.40816289239290493 0.4242414382347669 0.4083145517418226 0.36465462587135716 0.4157521079181157 0.3646652739639703 0.4156004485691981 0.4242520863273801
0 0.43250674930516636 0.40953718842788406 0.4325592006454885 0.3795794850636092 0.5064475098158315 0.37965225405066017 0.5063950584755095 0.409609957414935
2 0.407043537436733 0.7253159499241777 0.40725834322798216 0.6748993744369147 0.414794823950577 0.6749174363505845 0.4145800181593278 0.7253340118378476
1 0.40806840006618944 0.5575607904188027 0.4082602945974393 0.4520390008680214 0.5612477860241509 0.45219549530374087 0.5610558914929011 0.5577172848545222
