3 0.7369752432291865 0.2586899477822504 0.7367180967426843 0.23085155669941876 0.8023313787758517 0.23051063805573588 0.8025885252623539 0.2583490291385675
3 0.8587609053719906 0.2535044699145091 0.8597711592782405 0.2149852133227122 0.9292449540030091 0.2160101480054127 0.9282347000967591 0.2545294045972096
3 0.6685916128056917 0.26094137363599096 0.6672045685348583 0.21400585727856908 0.7391533823114959 0.21280984706713402 0.7405404265823292 0.2597453634245559
2 0.6891048919196721 0.26124121971236924 0.6891047390855304 0.2579421289693233 0.7207144387099429 0.2579413052694172 0.7207145915440846 0.2612403960124632
2 0.8085689108224904 0.25604879388658996 0.8088638383077279 0.2508435107669911 0.8410218946458589 0.2518684148189433 0.8407269671606213 0.2570736979385422
4 0.6765807746759015 0.29515138792235324 0.6742339945013951 0.2616164887482146 0.9256770292854832 0.2517187145409186 0.9280238094599895 0.28525361371505725
3 0.7974280591939196 0.2566025682581397 0.7984959318181449 0.21218353242349777 0.86708334449656 0.21311103958752292 0.8660154718723346 0.25753007542216483
0 0.881748782165008 0.24547055170353993 0.8827537692576682 0.22668815309738288 0.9036959804291192 0.22731846352539178 0.902690993336459 0.24610086213154883
2 0.8691832534428733 0.2525035370121804 0.8692717214127933 0.24962550225654798 0.9014372121089173 0.2501816660789317 0.9013487441389972 0.2530597008345642
2 0.7485863968870364 0.25515960449814523 0.7811815225729476 0.25515960449814523 0.7811815225729476 0.2583114916517357 0.7485863968870364 0.2583114916517357
