4 0.16769992387985258 0.4831456534619088 0.8701192956174356 0.4831456534619088 0.8701192956174356 0.6048978718064111 0.16769992387985258 0.6048978718064111
0 0.7649730935807216 0.49742815611994495 0.8092378410033915 0.49742815611994495 0.8092378410033915 0.5597900930966343 0.7649730935807216 0.5597900930966343
1 0.6959171836554285 0.4779586289573421 0.8705082828633719 0.4779586289573421 0.8705082828633719 0.6096342820240757 0.6959171836554285 0.6096342820240757
1 0.526181574173566 0.4775322761578911 0.6896972385594254 0.4775322761578911 0.6896972385594254 0.6096430947980614 0.526181574173566 0.6096430947980614
1 0.35426908302177323 0.47723611423319634 0.5200624265982253 0.47723611423319634 0.5200624265982253 0.6101246248323566 0.35426908302177323 0.6101246248323566
1 0.1678604886198685 0.4772179445057978 0.34641921778910756 0.4772179445057978 0.34641921778910756 0.6117101114121615 0.1678604886198685 0.6117101114121615
2 0.21497267708879594 0.47660052616681314 0.3090007929439956 0.47660052616681314 0.3090007929439956 0.4821632582116819 0.21497267708879594 0.4821632582116819
2 0.3903194851694777 0.4769573457897319 0.481775096757305 0.4769573457897319 0.481775096757305 0.4819792387474563 0.3903194851694777 0.4819792387474563
2 0.5616354433045327 0.4772023161779137 0.6521111733396334 0.4772023161779137 0.6521111733396334 0.4822242091356381 0.5616354433045327 0.4822242091356381
2 0.7313182655183769 0.47760753229477687 0.8239170722510519 0.47760753229477687 0.8239170722510519 0.48265256329951045 0.7313182655183769 0.48265256329951045
