1 0.23915575143122247 0.5978497185525716 0.23829076119684744 0.5008742546853842 0.3649221294281525 0.5002389044943034 0.3657871196625275 0.5972143683614909
1 0.49514347338058395 0.5946014461128294 0.4938508301514173 0.49436939044876693 0.6150597329996246 0.49349010662154547 0.6163523762287912 0.5937221622856079
1 0.3706783036721971 0.5975683493147741 0.36708951786490546 0.49845226044758656 0.48743302445280284 0.4960012307633508 0.4910218102600945 0.5951173196305383
0 0.2837197262631101 0.5814889349607623 0.2829644772396726 0.5368966498045122 0.31683882679678577 0.5365739312501753 0.31759407582022325 0.5811662164064253
2 0.2709497869849925 0.5970191891754336 0.2710011861714325 0.5928559975101801 0.3402266104153231 0.5933367460704005 0.3401752112288832 0.597499937735654
2 0.3952468230690476 0.5965077394251644 0.39509101053807305 0.5912575510948043 0.46506407334591254 0.5900894487100553 0.4652198858768871 0.5953396370404155
1 0.6214280600998403 0.5928150074901143 0.6173307293706736 0.4914155934276143 0.7485991208897429 0.4884319407520731 0.7526964516189095 0.589831354814573
2 0.5221859398074008 0.5930762862896952 0.5223057099674447 0.5862555162711239 0.5920147768122854 0.586944052853395 0.5918950066522415 0.5937648228719662
4 0.24143783609145866 0.5951582127373278 0.23772543374770863 0.5055202732842029 0.7515052994879684 0.4935511378486096 0.7552177018317184 0.5831890773017345
2 0.6507336543223532 0.5911166697503069 0.6504957552651942 0.5859820941286865 0.7201592459677731 0.5841665118902424 0.7203971450249322 0.5893010875118627
