1 0.5826010234982654 0.3691546155871736 0.5835603349006798 0.2316406433257556 0.786902294446525 0.23243856876315094 0.7859429830441107 0.369952541024569
1 0.34258364683889975 0.2306351016446031 0.3448900144485047 0.09042614435638424 0.5379993084681612 0.09221295476470823 0.5356929408585563 0.2324219120529271
4 0.3389401126986231 0.6630346304433462 0.3508974863840033 0.09137167400535032 0.5354655188609104 0.09354324864000024 0.5235081451755301 0.6652062050779962
1 0.33898657872029536 0.3689239040507984 0.3397876316729265 0.23248117768803309 0.533905534653357 0.2331222380945569 0.533104481700726 0.36956496445732223
4 0.09123261089871673 0.6612034458019387 0.12191113712864209 0.0953018940549764 0.3001945613329384 0.10073849055753405 0.2695160351030131 0.6666400423044964
1 0.5889173254669674 0.2301178441642575 0.5864400476823856 0.09147584419975871 0.7836335140984501 0.08949388394254924 0.7861107918830318 0.22813588390704806
1 0.5812152754232685 0.5151936138376669 0.5831830482665673 0.373182431149424 0.7894830508132346 0.37479038721584657 0.7875152779699356 0.5168015699040894
1 0.10124894384937327 0.36985510118020287 0.10362928907834716 0.23509951139327462 0.29254414403729445 0.23697658712792208 0.2901637988083206 0.37173217691485033
0 0.8844099105719859 0.16937103988413443 0.8825715316657359 0.14145139266733756 0.9573168146884309 0.1386829762291468 0.9591551935946809 0.16660262344594368
1 0.11025158860800838 0.23422751121406576 0.1136791253203128 0.09766416779359659 0.2987617834731454 0.10027714865822028 0.295334246760841 0.23684049207868946
4 0.5933788331663278 0.6720443324665948 0.5929682687343156 0.08959126681198314 0.7829550444417748 0.08951593710353546 0.7833656088737868 0.6719690027581472
1 0.33424911825590575 0.5102322843507163 0.33677562710689174 0.37180071425977035 0.5328961467873072 0.3738141197173202 0.5303696379363212 0.5122456898082662
0 0.38381640175708165 0.17356027012848174 0.38325325071541494 0.14783465367340362 0.4497593320471913 0.1470157308270818 0.450322483088858 0.17274134728215992
0 0.6337592166457185 0.16837170746509758 0.6335752973748853 0.14156824066822257 0.7027600297735525 0.14130120513255867 0.7029439490443857 0.16810467192943365
0 0.14891433496719045 0.17833881265807525 0.14892397852187797 0.151895880529169 0.2124829893538544 0.1519089190160336 0.21247334579916685 0.17835185114493984
3 -0.012671641248043462 0.5090592738861794 -0.001268524386064314 0.35630063741157003 0.11187829611457992 0.3610516117339376 0.10047517925260077 0.513810248208547
2 0.3379573691871608 0.3396162400483591 0.3401957274422084 0.2644538017813779 0.34855569305792666 0.2645938429594532 0.346317334802879 0.3397562812264344
2 0.33432900159407386 0.48074425075400545 0.3351598667926057 0.4045202206075955 0.34401855862017416 0.4045745369830951 0.3431876934216424 0.48079856712950503
2 0.585373250326421 0.33813589487148626 0.5846738688160042 0.2634753113753925 0.5930602620433706 0.26343112173007627 0.5937596435537873 0.33809170522617
2 0.5825032896375477 0.4810811227233122 0.5835832806487905 0.40441548350367257 0.5930867801681673 0.40449078878991845 0.5920067891569245 0.48115642800955805
2 0.8409407328530395 0.1973306416912628 0.8375855294766547 0.12267447602874915 0.8463348788194467 0.1224532931768705 0.8496900821958315 0.19710945883938413
2 0.10181728085905065 0.3414396521933756 0.10370456969959868 0.2683844338390796 0.11308575568922798 0.2685207562951046 0.11119846684867993 0.34157597464940054
2 0.3420463752220184 0.202141489684041 0.34692402752505164 0.12931988176009906 0.35476367466658987 0.1296152539599047 0.34988602236355665 0.20243686188384663
2 0.5886929475343288 0.20037826676433784 0.5878170126919343 0.12680416248868986 0.5965858733641075 0.1267454389099267 0.597461808206502 0.2003195431855747
2 0.11067459013648179 0.2088649222561526 0.11673350884458793 0.1374652931548756 0.12416013156624317 0.1378197905584459 0.11810121285813704 0.20921941965972288
2 0.846908254841357 0.48244445822177523 0.84546883006462 0.4045357890687474 0.8566399554614974 0.4044196916291941 0.8580793802382344 0.48232836078222197
2 0.09052549730933324 0.4801894314323752 0.09411036946383858 0.4047370575750514 0.10576014954538217 0.40504840194598424 0.10217527739087683 0.480500775803308
2 0.8421620340312583 0.2612172594108118 0.8556597655440663 0.2612172594108118 0.8556597655440663 0.336418906410741 0.8421620340312583 0.336418906410741
