1 0.1920110066306658 0.5918818980694356 0.19417860916972832 0.5359583140850606 0.2741140340594384 0.5377011097430645 0.2719464315203759 0.5936246937274395
1 0.2723098115690364 0.5935066936268242 0.27423053993648194 0.5384965216032691 0.3472731018278405 0.539931090701417 0.34535237346039493 0.594941262724972
1 0.3494068751169946 0.5276153483806696 0.35306868504730354 0.47895480145395714 0.42564453109852934 0.48202688799916815 0.4219827211682204 0.5306874349258807
1 0.2652896901543164 0.66861104257312 0.26583038431424433 0.6097607930326847 0.3453152881515565 0.6101715742239135 0.3447745939916285 0.6690218237643489
1 0.3469978448795996 0.5947253772360781 0.35001899556764626 0.5415831041754713 0.42567548679803013 0.5440024668908146 0.4226543361099835 0.5971447399514214
1 0.27799157729123425 0.5263738359297482 0.27962207890519303 0.47610725071586757 0.35020858578105785 0.47739516235246465 0.348578084167099 0.5276617475663453
1 0.18067051230696407 0.6693539308272647 0.18286794999920752 0.607148889429793 0.26580272291132073 0.6087968627362008 0.26360528521907733 0.6710019041336726
1 0.2028233637434785 0.5196836589122276 0.20887227324868685 0.47114651901964943 0.2809890548763132 0.476201991722538 0.2749401453711049 0.5247391316151162
4 0.05227516352280266 0.8477026325208871 0.049114008307035474 0.7768948665193655 0.4248569517097571 0.7674590760584564 0.42801810692552433 0.838266842059978
4 0.031654424172830375 0.9559596187301583 0.026172094403921754 0.8760167004820525 0.4260528029369171 0.8605912400066245 0.4315351327058257 0.9405341582547304
1 0.05352299126690249 0.8482879897793267 0.057046815322892075 0.7712379409512017 0.15955814480080585 0.7738750961581731 0.15603432074481627 0.850925144986298
3 0.2097065705247836 0.41622505050641867 0.21560777651492696 0.36360486329450775 0.2899049114364513 0.3682917340658827 0.2840037054463079 0.42091192127779364
4 0.1021422460700741 0.5902148364061994 0.10318928383049074 0.5367607348436996 0.42588533875139484 0.5403162087255793 0.42483830099097825 0.5937703102880791
4 0.11683912169853697 0.5185984051949212 0.12034843195711382 0.47125131467379056 0.42643720657426204 0.48401271693841086 0.42292789631568517 0.5313598074595415
4 0.08733701521216586 0.6669374098446338 0.08866977553744922 0.6091327462957514 0.4263430280867412 0.6135120832909173 0.4250102677614579 0.6713167468397996
1 0.3458297115023914 0.6690095562784611 0.3476351947371438 0.6101692992937048 0.4265570255608416 0.611531492084184 0.42475154232608914 0.6703717490689404
1 0.2485845945278831 0.8436794584595662 0.24955269348621642 0.7700995024048787 0.33660420755545023 0.7707437593138715 0.3356361085971169 0.844323715368559
1 0.24183237647789743 0.9463758947153954 0.23935357602216822 0.8655133458872704 0.3321897589387693 0.8639125574330422 0.33466855939449847 0.9447751062611671
3 0.33663974287773407 0.8831831632327034 0.33673800490242345 0.8565210445118259 0.43791746992753544 0.8567307964372775 0.43781920790284606 0.883392915158155
1 0.03147397532768024 0.9570388182394108 0.031101294663617614 0.8705526121847229 0.14060327157595776 0.8702871916613228 0.14097595224002035 0.9567733977160108
3 0.06522013524159445 0.7156713777636124 0.06499825210357361 0.684521109208925 0.17180906441748653 0.6840931520961266 0.17203094755550735 0.7152434206508141
3 0.3537545108072262 0.4246429226090596 0.3600013369791011 0.37206211206218487 0.42956352234064216 0.3767107731898471 0.4233166961687672 0.4292915837367218
1 0.15467149158242524 0.8456001600171451 0.15564370024127944 0.7713624891187064 0.24949312347344624 0.7720538252920359 0.24852091481459201 0.8462914961904745
1 0.2812444196541594 0.4646316832695824 0.2854253278572844 0.41894558707817614 0.3545711005245033 0.4225049702525744 0.3503901923213783 0.4681910664439806
1 0.3397587076896356 0.8436990992174215 0.3395445149813023 0.7696849390611714 0.4249601236905728 0.769545895899766 0.4251743163989061 0.8435600560560159
1 0.16816509976236996 0.7538567186595998 0.16893507487428583 0.6867814461393619 0.2563987799719418 0.687346207062349 0.2556288048600259 0.7544214795825869
3 0.14160135441628366 0.9021422977963434 0.13802398856199088 0.8668693883409261 0.24147437769131344 0.8609676937781153 0.24505174354560624 0.8962406032335325
2 0.36778162697850386 0.4816252591977615 0.3679353114611386 0.47974119196710013 0.4059403335083189 0.48148499383700283 0.4057866490256841 0.48336906106766425
2 0.2145523983889876 0.5394089169659759 0.21471166851939438 0.5365982298717836 0.2564907887440901 0.5379299214504628 0.2563315186136833 0.5407406085446551
2 0.23072316047529157 0.41889954142183655 0.23096346206790402 0.414727234368351 0.2687491195827549 0.41595137100997664 0.26850881799014237 0.4201236780634622
2 0.26503855345509075 0.8688968393025169 0.2648004543901953 0.8657894679999881 0.31385383118800325 0.86367521977223 0.3140919302528987 0.8667825910747589
2 0.365716464196403 0.5442453442828618 0.3659284439255285 0.5417989619646933 0.405564826559337 0.5437308704180058 0.40535284683021156 0.5461772527361742
2 0.36954879551129577 0.4260774027254401 0.36983434313219316 0.42262103639163007 0.40611765432504754 0.424307155383714 0.4058321067041502 0.427763521717524
2 0.3010195234433749 0.42135638959327 0.30117060104921706 0.41968448371716066 0.3379323580906008 0.42155304375684144 0.3377812804847586 0.4232249496329507
2 0.2971485635234881 0.47855872586297216 0.2972967183017049 0.4765096821983647 0.33542857974134926 0.4780605507251527 0.33528042496313243 0.4801095943897601
2 0.19284335184550336 0.689687978896972 0.1928484756051369 0.6870994733003691 0.2403651988978863 0.6871523797539376 0.24036007513825275 0.6897408853505405
4 0.07208355738318559 0.7523807042710192 0.07152097600297726 0.6904296544663318 0.4248312578837415 0.6886249109633561 0.42539383926394986 0.7505759607680436
4 0.1295825491230909 0.4547300347181214 0.13335719319892786 0.412506636037025 0.42586850998946785 0.42721580099612894 0.4220938659136309 0.46943919967722536
2 0.22274971624844336 0.4729781271730559 0.2631063114051498 0.4729781271730559 0.2631063114051498 0.47718315590139343 0.22274971624844336 0.47718315590139343
2 0.291123570149144 0.5415535688969365 0.29125903609657167 0.539162961259679 0.33229096636221517 0.5404708364781574 0.3321555004147875 0.5428614441154149
2 0.36320727565501065 0.6105853170643769 0.4053556008173697 0.6105853170643769 0.4053556008173697 0.6134346298623419 0.36320727565501065 0.6134346298623419
2 0.2855047263974018 0.6094841356704768 0.32786809403507805 0.6094841356704768 0.32786809403507805 0.6120646453742945 0.2855047263974018 0.6120646453742945
2 0.20457707485267004 0.6081401201997383 0.24873246311799752 0.6081401201997383 0.24873246311799752 0.6110969542353628 0.20457707485267004 0.6110969542353628
2 0.3577963246257319 0.76984761347538 0.40379509864166074 0.76984761347538 0.40379509864166074 0.7730068699325178 0.3577963246257319 0.7730068699325178
2 0.27076934008643805 0.771174501187378 0.31853729771836414 0.771174501187378 0.31853729771836414 0.7743969427736588 0.27076934008643805 0.7743969427736588
2 0.1818046782534329 0.7722486483828048 0.23066784479050012 0.7722486483828048 0.23066784479050012 0.7751551643233717 0.1818046782534329 0.7751551643233717
2 0.09056535177128838 0.7731332401908034 0.14043948037463977 0.7731332401908034 0.14043948037463977 0.7759765710022277 0.09056535177128838 0.7759765710022277
2 0.07259666621324423 0.8700015371193579 0.12614314342017616 0.8700015371193579 0.12614314342017616 0.874442290637721 0.07259666621324423 0.874442290637721
0 0.37310085017356837 0.7843871820776073 0.3903505964160318 0.7843871820776073 0.3903505964160318 0.8098775249160982 0.37310085017356837 0.8098775249160982
0 0.3772741529663371 0.621247049078792 0.3924744244077152 0.621247049078792 0.3924744244077152 0.6409732440392318 0.3772741529663371 0.6409732440392318
0 0.37949441733417894 0.5523334588923199 0.394694688775557 0.5523334588923199 0.394694688775557 0.5703944555768786 0.37949441733417894 0.5703944555768786
0 0.37966520690093597 0.4884154635334916 0.3928160035412293 0.4884154635334916 0.3928160035412293 0.5053236306424401 0.37966520690093597 0.5053236306424401
