3 0.639522278806553 0.4559055301722209 0.644650208494053 0.36159284706675215 0.7352421661804261 0.3643635127965292 0.7301142364929262 0.45867619590199793
3 0.704339517140763 0.373782635992021 0.697824868703263 0.26713993579670847 0.7355153005675703 0.26584480541422895 0.7420299490050704 0.37248750560954147
4 0.7305760160048727 0.45913978921487647 0.730319751989735 0.13566172156419384 0.8403394383297349 0.13561269451945981 0.8405957023448725 0.45909076217014244
2 0.7218062288329236 0.4356559570736067 0.7227349397704235 0.3903334473079823 0.7316308803443435 0.39043598440292926 0.7307021694068435 0.43575849416855367
3 0.6662296139157847 0.21973046426599294 0.6574558508949514 0.10470565347497732 0.7274792483889027 0.10170123739416329 0.736253011409736 0.2167260481851789
1 0.02607136017834652 0.49672586605762153 0.010634305864987769 0.42187783335395457 0.11383288555754471 0.40990545896408226 0.12926993987090346 0.4847534916677492
3 0.7260080176277387 0.2899275834335924 0.7212936621589885 0.17545811627050648 0.8122105307046859 0.17335191601932154 0.8169248861734361 0.2878213831824074
2 0.726116678617585 0.2012523425779602 0.7234062155273087 0.1561003982025418 0.7302106867995857 0.15587063316087624 0.732921149889862 0.20102257753629466
1 0.06134641278203832 0.7077372543100299 0.043284992192625944 0.624474882509032 0.1517142178105419 0.6112445118660728 0.16977563839995427 0.6945068836670707
1 0.018273641054266182 0.3986037118608895 1.0421293457814803e-16 0.3251492792458913 0.09919044672833509 0.3112689600168631 0.11746408778260117 0.38472339263186134
1 0.042934453478089656 0.6008505668457093 0.02615747359777083 0.5207174785241792 0.12905112224780887 0.5085999793859094 0.1458281021281277 0.5887330677074395
2 0.023657951311962678 0.31278998502881783 0.07221840328065551 0.31278998502881783 0.07221840328065551 0.324092848849117 0.023657951311962678 0.324092848849117
1 0.09515143202925543 0.927729992248714 0.08705100752395166 0.8384616420993505 0.19950688662416396 0.8327216015252403 0.20760731112946776 0.9219899516746038
1 0.06873332196662835 0.8035412873560975 0.061719466383530354 0.726247151020513 0.1741753454837428 0.7205071104464028 0.1811892010668408 0.7978012467819874
1 0.0 0.22153582734189312 0.09318734113687971 0.22153582734189312 0.09318734113687971 0.30193618369871283 0.0 0.30193618369871283
2 0.03615636781803411 0.4117699389276656 0.08999791554706316 0.4117699389276656 0.08999791554706316 0.42267579987277926 0.03615636781803411 0.42267579987277926
2 0.04951850375078584 0.5099226874336876 0.10375305547783699 0.5099226874336876 0.10375305547783699 0.5220075603728673 0.04951850375078584 0.5220075603728673
2 0.06602467166771446 0.6139704959100412 0.12301025138092037 0.6139704959100412 0.12301025138092037 0.6263501218477376 0.06602467166771446 0.6263501218477376
2 0.08646087956486417 0.7200815753760108 0.14659049126224696 0.7200815753760108 0.14659049126224696 0.7330507073107405 0.08646087956486417 0.7330507073107405
