1 0.3297402957048513 0.2618381732163434 0.3281651003923513 0.2194344103989606 0.3993747962547841 0.21794644897603938 0.4009499915672841 0.26035021179342216
1 0.32908649821164315 0.30869872464004905 0.32785920141544567 0.26397113714174714 0.4044810288905487 0.26278850641294493 0.4057083256867462 0.3075160939112468
4 0.6084164107318759 0.3181803277357929 0.5810393169212107 0.14236521095324395 0.6433912144742215 0.13690381917335037 0.6707683082848868 0.31271893595589934
1 0.13847738983596858 0.26159355136813767 0.13912334099615734 0.2193746964798924 0.21540916022547052 0.22003123403596195 0.21476320906528173 0.26225008892420715
1 0.32733219448581335 0.21920019179984082 0.32561142844768254 0.17668370561157043 0.3978071468979309 0.17504009691423233 0.39952791293606166 0.21755658310250273
4 0.3344710507636659 0.312535982062444 0.32714757444896686 0.134965826338072 0.39514666120651326 0.13338831346248234 0.40247013752121236 0.3109584691868543
1 0.14237159499418986 0.17247790203285576 0.1434474158669052 0.13133570721529175 0.21797716072265289 0.13243194475740877 0.2169013398499375 0.17357413957497275
4 0.039094707125807385 0.31719288310581406 0.05381115063909166 0.12877888413009964 0.12186834448930292 0.13176898793399922 0.10715190097601865 0.32018298690971364
2 0.5752884740161551 0.2578001396166571 0.5737782042103476 0.2327693587814007 0.5781424349299267 0.23262123991796352 0.5796527047357343 0.25765202075321986
1 0.1407357778915206 0.21717639673730027 0.1420237824488123 0.174443150887691 0.2172376811673941 0.17571833280629498 0.21594967661010242 0.21845157865590425
1 0.2340409234879629 0.21939355060997592 0.2335220539229041 0.17647653863076743 0.30721740564006406 0.1759753613878163 0.30773627520512287 0.2188923733670248
2 0.39417269842986175 0.21173939694477478 0.39366268866423676 0.1868642138393068 0.3973063574044822 0.18682219213917714 0.39781636717010727 0.21169737524464513
2 0.4883989158907527 0.2578666941162599 0.4865794082856063 0.2314175858074849 0.4905889012108129 0.2312624347219898 0.49240840881595926 0.2577115430307648
4 0.14220998348415312 0.1318676704302313 0.21277466462482583 0.1323646048044544 0.21050335441423068 0.3137855078782985 0.13993867327355794 0.3132885735040754
4 0.2375231066107497 0.13377108541131275 0.3058876908012977 0.13377108541131275 0.3058876908012977 0.313228118911501 0.2375231066107497 0.313228118911501
4 0.4141345565698633 0.13744182206886188 0.48053659008227917 0.134693036590689 0.49341778166363287 0.3097256986679827 0.42701574815121696 0.3124744841461556
4 0.4981834622957667 0.13972556031435898 0.5578587643680436 0.13454851802598208 0.5853064470940341 0.31251619241863304 0.5256311450217572 0.31769323470700994
4 0.5820321079497707 0.14259229165729942 0.6431379051118109 0.13714902877122942 0.6710101551679277 0.31315105235339835 0.6099043580058875 0.3185943152394684
2 0.6491612671908048 0.19315657146022766 0.6582899192166908 0.19315657146022766 0.6582899192166908 0.21703370191543525 0.6491612671908048 0.21703370191543525
2 0.6644834568344453 0.2781322877923111 0.6739460377070876 0.2781322877923111 0.6739460377070876 0.30325318701373083 0.6644834568344453 0.30325318701373083
2 0.5791700292842723 0.2759919421187372 0.5868302138002208 0.2759919421187372 0.5868302138002208 0.30223933906309053 0.5791700292842723 0.30223933906309053
2 0.5673042532693716 0.1902654654034886 0.5730118417322353 0.1902654654034886 0.5730118417322353 0.2141472171296814 0.5673042532693716 0.2141472171296814
2 0.48123982723724296 0.18947691699743507 0.48724781509288884 0.18947691699743507 0.48724781509288884 0.21358396826821455 0.48123982723724296 0.21358396826821455
2 0.6572246733710257 0.23515115363485994 0.6648848578869744 0.23515115363485994 0.6648848578869744 0.25846965649958586 0.6572246733710257 0.25846965649958586
2 0.4908854984834019 0.2760915179291724 0.4967794924617619 0.2760915179291724 0.4967794924617619 0.3032459901866162 0.4908854984834019 0.3032459901866162
2 0.4005299083913942 0.275296837304058 0.40577365767337625 0.275296837304058 0.40577365767337625 0.3022481663342453 0.4005299083913942 0.3022481663342453
2 0.3971368941501116 0.2301851706870065 0.4017637317518605 0.2301851706870065 0.4017637317518605 0.2564424740769314 0.3971368941501116 0.2564424740769314
2 0.30382900251484274 0.1863458844104359 0.30722201675612526 0.1863458844104359 0.30722201675612526 0.21190916216009845 0.30382900251484274 0.21190916216009845
2 0.2104598979238914 0.2756892049583095 0.21706559532277103 0.2756892049583095 0.21706559532277103 0.3031028491636601 0.2104598979238914 0.3031028491636601
2 0.21204288650403702 0.22938284217609609 0.21512554529018083 0.22938284217609609 0.21512554529018083 0.25630105907653067 0.21204288650403702 0.25630105907653067
2 0.21270345624392495 0.18462924229868644 0.2157861150300688 0.18462924229868644 0.2157861150300688 0.20989603484940114 0.21270345624392495 0.20989603484940114
2 0.2133640259838129 0.14334363355568855 0.21666687468325274 0.14334363355568855 0.21666687468325274 0.1671241441916553 0.2133640259838129 0.1671241441916553
2 0.11504913928491298 0.22927312202015912 0.12010222611149202 0.22927312202015912 0.12010222611149202 0.2542336284997263 0.11504913928491298 0.2542336284997263
2 0.12005437322458486 0.14309819159751858 0.12284228319786984 0.14309819159751858 0.12284228319786984 0.16714391511710153 0.12005437322458486 0.16714391511710153
1 0.13567074016062322 0.2654813567279221 0.21593667543889788 0.2654813567279221 0.21593667543889788 0.3134278224914938 0.13567074016062322 0.3134278224914938
1 0.03990233574569424 0.2205836987290063 0.11858615510939459 0.2205836987290063 0.11858615510939459 0.26295190915561434 0.03990233574569424 0.26295190915561434
1 0.04752413021397315 0.13147595457780728 0.12194871149245881 0.13147595457780728 0.12194871149245881 0.17434854846187484 0.04752413021397315 0.17434854846187484
1 0.4158361393722631 0.17939238303647048 0.48734650511875977 0.17939238303647048 0.48734650511875977 0.22091995436731185 0.4158361393722631 0.22091995436731185
1 0.42009537745747766 0.22142433782477233 0.49115740235289945 0.22142433782477233 0.49115740235289945 0.26446505952799315 0.42009537745747766 0.26446505952799315
1 0.4232337634150047 0.2659782099003732 0.4965374925658023 0.2659782099003732 0.4965374925658023 0.3128858714441177 0.4232337634150047 0.3128858714441177
1 0.512453592778972 0.26631446553867855 0.5864298332063824 0.26631446553867855 0.5864298332063824 0.313222127082423 0.512453592778972 0.313222127082423
1 0.508418525119295 0.2229374881971526 0.5790322091636414 0.2229374881971526 0.5790322091636414 0.2636244204322274 0.508418525119295 0.2636244204322274
1 0.5037109461830052 0.18073740558969664 0.5727554372485885 0.18073740558969664 0.5727554372485885 0.22176059346307875 0.5037109461830052 0.22176059346307875
1 0.5942757981001989 0.22579566112275531 0.66444114129347 0.22579566112275531 0.66444114129347 0.26581008208121837 0.5942757981001989 0.26581008208121837
3 0.6653378229956207 0.24731602197436633 0.735951507039967 0.24731602197436633 0.735951507039967 0.31406276617818896 0.6653378229956207 0.31406276617818896
3 0.6494415003919828 0.15884513017029847 0.7124229720132172 0.15884513017029847 0.7124229720132172 0.22343775571672683 0.6494415003919828 0.22343775571672683
3 0.25958298648489986 0.10001929534881357 0.306596390731874 0.10001929534881357 0.306596390731874 0.1741882853513574 0.25958298648489986 0.1741882853513574
3 0.0748249933192438 0.1413760691079948 0.12313233790721724 0.1413760691079948 0.12313233790721724 0.2169205335168473 0.0748249933192438 0.2169205335168473
3 0.0760583723300004 0.23788797669971193 0.1200488903803251 0.23788797669971193 0.1200488903803251 0.3092697869472586 0.0760583723300004 0.3092697869472586
