1 0.7503933056002012 0.6638333853152636 0.7475985464856179 0.5995747183230761 0.8408016253765089 0.5972945576285439 0.8435963844910922 0.6615532246207314
4 0.18992674467130718 0.8068343303752111 0.21908081776922536 0.5398938769038182 0.29799456694099824 0.544741848295189 0.26884049384308006 0.811682301766582
1 0.7687909057236197 0.8093818340982258 0.7638410713209968 0.7360252334947123 0.8586025761070348 0.7324285191455795 0.8635524105096579 0.805785119749093
4 0.5338775882014407 0.8083026329486599 0.5264805800414013 0.5391774098915105 0.6128165327408499 0.5378426107842603 0.6202135409008893 0.8069678338414097
4 0.30081795713256554 0.806605010138749 0.3184196591378333 0.5398962907325712 0.4022046541659053 0.5430066189833039 0.38460295216063756 0.8097153383894817
4 0.6538616493734984 0.8104085990582859 0.6355323112743846 0.5379454367280353 0.7236886029116624 0.5346095228584139 0.7420179410107762 0.8070726851886645
4 0.7751099543718649 0.8121349415532254 0.7425216398990776 0.5366249600951216 0.8295908555082712 0.5308318508315772 0.8621791699810586 0.806341832289681
1 0.7442020647861227 0.6009609617845659 0.7395010556715393 0.5373198485033159 0.8286146654836276 0.5336171368900521 0.833315674598211 0.5972582501713021
1 0.5266189738397477 0.6641166485029838 0.5254184530064143 0.6022374981123589 0.6130962163051209 0.601280662462587 0.6142967371384542 0.663159812853212
1 0.8671865956795076 0.6608436416752527 0.8630269277107576 0.5989807266361902 0.9542460130123519 0.5955305881694962 0.9584056809811019 0.6573935032085587
3 0.12411975638456886 0.7344823573778875 0.1304029013415075 0.6668752409123541 0.20390719841602842 0.6707177944024635 0.1976240534590898 0.7383249108679969
1 0.8932938858530797 0.8125842674986423 0.8829377055369995 0.7351539847287402 0.9789095531487048 0.7279336864227872 0.989265733464785 0.8053639691926894
1 0.525669983449257 0.6011802607612934 0.5238262432050343 0.5389766510426423 0.6096234815662485 0.5375461769940632 0.6114672218104711 0.5997497867127143
1 0.41247745892427123 0.7319183724878302 0.4160246061151036 0.6647784438572188 0.5062351500076314 0.6674593287223294 0.502688002816799 0.7345992573529407
1 0.4181546655120371 0.6023927406415468 0.41704141440092274 0.5411119052016881 0.5012591879979169 0.5402513182781465 0.5023724391090313 0.6015321537180053
3 0.8762355212843019 0.7354424969011893 0.8686574685525682 0.6614759843465972 0.9220584306252044 0.658398512500877 0.929636483356938 0.7323650250554692
1 0.41480841736470064 0.665500616771524 0.41402820238519994 0.6047306333149975 0.5024420096157297 0.6040921231946933 0.5032222245952305 0.6648621066512196
1 0.3122424124549325 0.6025490929532012 0.3137888805538907 0.5411966759610138 0.3971136376061746 0.5423781001865876 0.3955671695072163 0.603730517178775
1 0.8573910143943811 0.6009122388787902 0.8524044421840148 0.535177973029264 0.9429719954714384 0.531313364948792 0.9479585676818048 0.5970476307983182
4 0.8989591558557425 0.8132646964862034 0.8543402775586512 0.5348397512301653 0.9380303321513378 0.5272956608438794 0.9826492104484291 0.8057206060999174
1 0.528263710460858 0.7324636775475972 0.5275780822056496 0.6673235408288473 0.6182277777214154 0.66678684413795 0.6189134059766237 0.7319269808566998
1 0.6429736482211956 0.7340995268964808 0.6411686581308946 0.6660450010957466 0.7347802618331911 0.6646484075781905 0.7365852519234921 0.7327029333789249
1 0.20964906396994298 0.6037023761060574 0.2120279137842308 0.5429413582686515 0.2935677544382441 0.5447370606936045 0.2911889046239563 0.6054980785310102
1 0.30756877267278565 0.6652471770546647 0.31009701160507724 0.6021318206093522 0.3945582733979081 0.6040349274375229 0.39203003446561646 0.6671502838828353
3 0.6459090486704108 0.8113923859846398 0.6464797161833067 0.732437716434591 0.7127629772928935 0.7327071996518413 0.7121923097799975 0.81166186920189
1 0.20220011317858055 0.6653453499844091 0.20578291754055972 0.603214490609409 0.29021232171725275 0.6059531119296538 0.2866295173552736 0.6680839713046538
1 0.758517655307521 0.7322324971894519 0.755727616245021 0.665977126095702 0.8507946120199767 0.6637252655611405 0.8535846510824767 0.7299806366548904
4 0.4156331540600534 0.8062670721089947 0.42236691249935815 0.5395487971290904 0.5084843348656505 0.5407717741816248 0.5017505764263458 0.8074900491615291
2 0.19209312939931283 0.7198351661735038 0.19670938911263883 0.6842168746020554 0.20364949760611079 0.6847228226635702 0.19903323789278482 0.7203411142350187
2 0.30301707744848266 0.7189489985835616 0.30386701675377675 0.6827729133999121 0.30920385895314323 0.6828434432944461 0.30835391964784914 0.7190195284780957
0 0.4361333263251155 0.5648510957659201 0.465659983114404 0.5648510957659201 0.465659983114404 0.5762311614034583 0.4361333263251155 0.5762311614034583
0 0.5421422260477694 0.5630056797165895 0.5731042064309817 0.5630056797165895 0.5731042064309817 0.5756160227203482 0.5421422260477694 0.5756160227203482
0 0.7635921519674332 0.5610064789964815 0.7955793634891624 0.5610064789964815 0.7955793634891624 0.5730016833171299 0.7635921519674332 0.5730016833171299
0 0.8794328181104052 0.5596224169594836 0.9108048909490243 0.5596224169594836 0.9108048909490243 0.5717714059509095 0.8794328181104052 0.5717714059509095
0 0.32930424169164807 0.5677730045106935 0.35842080602552984 0.5677730045106935 0.35842080602552984 0.5796144241605643 0.32930424169164807 0.5796144241605643
0 0.22637103538454525 0.5693108512184688 0.2575380619954608 0.5693108512184688 0.2575380619954608 0.5809984861975622 0.22637103538454525 0.5809984861975622
1 0.3033719987477865 0.6683859416855856 0.39180347986425423 0.6683859416855856 0.39180347986425423 0.7326808303090859 0.3033719987477865 0.7326808303090859
2 0.20221731904623205 0.6213343125102249 0.21052911799026322 0.6213343125102249 0.21052911799026322 0.6546361911741392 0.20221731904623205 0.6546361911741392
2 0.2099822891123664 0.5611284530537886 0.21687233297386593 0.5611284530537886 0.21687233297386593 0.5926257964206435 0.2099822891123664 0.5926257964206435
2 0.31256738660580374 0.5587497474349375 0.31858250426266843 0.5587497474349375 0.31858250426266843 0.5905751881285305 0.31256738660580374 0.5905751881285305
2 0.3080833898070501 0.6190376312230582 0.31387977591275595 0.6190376312230582 0.31387977591275595 0.6528316558770798 0.3080833898070501 0.6528316558770798
2 0.413293265914392 0.681376123303292 0.41843345736662185 0.681376123303292 0.41843345736662185 0.7174668292444801 0.413293265914392 0.7174668292444801
2 0.41482438677250305 0.617397144589368 0.4211676017561058 0.617397144589368 0.4211676017561058 0.6512731935750741 0.41482438677250305 0.6512731935750741
2 0.4183240915910425 0.5568631878061935 0.4226987226142168 0.5568631878061935 0.4226987226142168 0.5891807744898938 0.4183240915910425 0.5891807744898938
2 0.5247369912297574 0.5546485308507116 0.5286741591506142 0.5546485308507116 0.5286741591506142 0.5872121905294653 0.5247369912297574 0.5872121905294653
2 0.5260493805367097 0.6160847552824157 0.5303146457843045 0.6160847552824157 0.5303146457843045 0.6499608042681218 0.5260493805367097 0.6499608042681218
2 0.5274711356192414 0.680555879986447 0.5315176693156777 0.680555879986447 0.5315176693156777 0.7168106345910039 0.5274711356192414 0.7168106345910039
2 0.6454768074693681 0.7490461969430195 0.650945096248336 0.7490461969430195 0.650945096248336 0.7863672678594753 0.6454768074693681 0.7863672678594753
2 0.6416490053240905 0.6799817096646553 0.6484296834100107 0.6799817096646553 0.6484296834100107 0.7161544399375278 0.6416490053240905 0.7161544399375278
2 0.7408437637745677 0.552023752236807 0.748280636513964 0.552023752236807 0.748280636513964 0.5845874119155607 0.7408437637745677 0.5845874119155607
2 0.7487180996162816 0.6142802199853563 0.7563737039068364 0.6142802199853563 0.7563737039068364 0.6484843662978004 0.7487180996162816 0.6484843662978004
2 0.7563737039068364 0.6800637339963399 0.7639199424218122 0.6800637339963399 0.7639199424218122 0.7164005129325814 0.7563737039068364 0.7164005129325814
2 0.7642480397485499 0.7494563186014421 0.7726692044681606 0.7494563186014421 0.7726692044681606 0.7870234625129514 0.7642480397485499 0.7870234625129514
2 0.884987855988161 0.7487180996162816 0.8957057019949379 0.7487180996162816 0.8957057019949379 0.7863672678594752 0.884987855988161 0.7863672678594752
2 0.8636615297501862 0.613459976668511 0.8729576206744318 0.613459976668511 0.8729576206744318 0.6481562689710623 0.8636615297501862 0.6481562689710623
2 0.8537092441724649 0.5509574359249083 0.8628959693211308 0.5509574359249083 0.8628959693211308 0.5840132415937691 0.8537092441724649 0.5840132415937691
