4 0.21181287277662394 0.44532096290046175 0.20261170090162398 0.3747757358496804 0.6002860548452409 0.34559974469392185 0.6094872267202408 0.4161449717447032
3 0.28537915357988997 0.44687337548360306 0.2791014029288483 0.40074831444844683 0.4017362435555267 0.39135965674295947 0.40801399420656836 0.43748471777811576
3 0.509308760267815 0.4541537881101515 0.5063980328513951 0.4233131022408452 0.6180957386926146 0.4173832443068138 0.6210064661090345 0.44822393017612006
4 0.5205686883652105 0.5835056241021446 0.8152725858327534 0.37178772688531114 0.881432487667217 0.4235896265614107 0.5867285901996743 0.6353075237782441
3 0.1793397249129806 0.4554993511808268 0.17559610979431306 0.4270550824678247 0.3047954917681874 0.417490205618114 0.3085391068868549 0.4459344743311161
3 0.3999111727693829 0.44951470369679136 0.39776833392885413 0.4265469454173212 0.5049127395544636 0.4209240121728782 0.5070555783949925 0.4438917704523484
3 0.8047923613632917 0.4743451260494538 0.8910934823109314 0.39919378678654355 0.9195984278859796 0.4176066978356468 0.8332973069383399 0.492758037098557
3 0.5567375997830197 0.626067212430607 0.6315295833479692 0.5656376568539057 0.664513009612891 0.5886004093764642 0.5897210260479415 0.6490299649531656
2 0.6760204914786937 0.5704070236135829 0.7140162597078595 0.5420713302542084 0.7187625194732372 0.5456512675205691 0.6807667512440714 0.5739869608799436
2 0.7489645894174717 0.5192233500601416 0.786534088115388 0.4896683268667826 0.7929329571038247 0.49424373501104224 0.7553634584059084 0.5237987582044014
3 0.7342931411736568 0.531484123358275 0.8152537357607101 0.46863842144610873 0.8517501100669519 0.49508505250819734 0.7707895154798987 0.5579307544203637
2 0.530461648722718 0.42540883046282446 0.5302718769416083 0.42022707635298456 0.5818542337384915 0.41916445499396765 0.5820440055196012 0.42434620910380755
3 0.6592720008549943 0.5831484269701928 0.7356246791541257 0.5271420395574733 0.7683489909055793 0.5522366098693386 0.6919963126064479 0.6082429972820581
