1 0.6967839990761973 0.6088533394512982 0.7008561019407805 0.551259833591924 0.7803323858040044 0.5544206939020525 0.7762602829394211 0.6120141997614268
1 0.6907600898324908 0.4758523451524883 0.6939803240710938 0.42751684288906155 0.7624669803436126 0.4300833928184595 0.7592467461050096 0.47841889508188623
1 0.6215625686813293 0.6030582469827218 0.6259065768203284 0.5460428296236355 0.7034159329452967 0.549364641079489 0.6990719248062977 0.6063800584385753
1 0.7025610104238691 0.6878371888947189 0.7049615638092858 0.6241001283478438 0.7891689643980498 0.6258841171581162 0.7867684110126332 0.6896211777049913
4 0.536696986009297 0.6743068402048287 0.5419800330334257 0.6159210662015927 0.875632688695177 0.632903289501183 0.8703496416710483 0.6912890635044191
1 0.7640838181727164 0.5417415151668811 0.7685543645515351 0.4911790271447654 0.8514256621317131 0.495300560647388 0.8469551157528945 0.5458630486695035
3 0.7606500238783015 0.4343420132022866 0.7683295122571187 0.378902689005182 0.8454447416952969 0.3849113408645479 0.8377652533164798 0.44035066506165255
1 0.6204472022617753 0.5330137626557083 0.6245152026297086 0.48103676789040684 0.6983769423118882 0.48428847841883443 0.6943089419439548 0.5362654731841359
1 0.6927264265804925 0.5374491802970446 0.6957653263200759 0.48626921813884144 0.7692970372046513 0.4887251347084305 0.766258137465068 0.5399050968666336
1 0.6231726887052905 0.6832330389108505 0.6240955691987794 0.619500366346385 0.7075095505121566 0.620179796337184 0.7065866700186677 0.6839124689016496
4 0.5256771595588488 0.9652727270259408 0.5312802261913712 0.8861113322152254 0.9161079357163444 0.901432829623295 0.9105048690838221 0.9805942244340103
4 0.5299735950371254 0.8583128999380061 0.5364700826351491 0.7863569922288539 0.902755816022821 0.8049587801156965 0.8962593284247972 0.8769146878248488
4 0.5308426023131199 0.7620027752572739 0.5372616985090596 0.6972653665653304 0.8889337593557888 0.7168799444254381 0.882514663159849 0.7816173531173817
1 0.5286826108616947 0.8602564921156849 0.5354496879891377 0.7831933828702944 0.6302744896200934 0.7878771907037633 0.6235074124926503 0.8649402999491538
4 0.5442127778843814 0.4617269819353067 0.549877706133239 0.4186078490597779 0.8405729399663628 0.44009034967662874 0.8349080117175051 0.48320948255215757
4 0.5418749917492008 0.5269779108668777 0.5470872313325342 0.4767804011012528 0.8529557781075698 0.49464525807843474 0.8477435385242366 0.5448427678440597
1 0.8002741488776383 0.874247745214874 0.8015145839590067 0.7983379979118762 0.8977626306832731 0.7992226875607732 0.8965221956019047 0.8751324348637711
1 0.6238951690372564 0.8647254392630279 0.6297167453791186 0.7886242459850302 0.7168417384037493 0.7923732371201943 0.7110201620618871 0.8684744303981919
1 0.7816624142698523 0.692821865360948 0.7853277710578074 0.6289964305162173 0.874957107497922 0.6318917412548741 0.8712917507099669 0.6957171760996048
1 0.721693745058236 0.9769120402252414 0.725599899648765 0.891766968182622 0.8134934510579364 0.8940351060499306 0.8095872964674073 0.97918017809255
3 0.8106158792668672 0.9191205115310112 0.813223771539516 0.8899671856421004 0.9471703386791522 0.8967071198105495 0.9445624464065034 0.9258604456994604
1 0.6268477731418958 0.771679022051257 0.6290125908664328 0.7007060281190178 0.7098529076394754 0.7020930354053483 0.7076880899149384 0.7730660293375875
1 0.777078219595019 0.6166497667665434 0.7762402552610492 0.5579560922663264 0.8578579302339087 0.5573006401338345 0.8586958945678784 0.6159943146340515
3 0.6277306442756991 0.9221439295893421 0.6301426733730581 0.8845568832669918 0.7453699901427097 0.8887162031199651 0.7429579610453508 0.9263032494423155
3 0.536575473678582 0.7240067175199657 0.5399980655691484 0.6919596770067064 0.6423762018243463 0.6981099859739264 0.6389536099337799 0.7301570264871858
1 0.7119249821756872 0.8684832159236328 0.7175756211773796 0.7934678969761065 0.8058540480776392 0.7972083543932078 0.8002034090759468 0.872223673340734
2 0.705762069562653 0.4301809735414656 0.7059781165896347 0.4278843797681116 0.7434981506865065 0.4298697882025611 0.7432821036595247 0.4321663819759151
2 0.7999896785065399 0.6320111027076678 0.8002580627123262 0.6295948062732407 0.8429902245412759 0.6322646394928768 0.8427218403354896 0.6346809359273038
2 0.6369360498018293 0.4249055953293535 0.6373619862334009 0.4216608801516779 0.6752217597276601 0.42445643968951596 0.6747958232960884 0.4277011548671915
2 0.6389445853015504 0.48403860960719813 0.6391868627049143 0.48171096289758003 0.6783084152356295 0.4840014848309517 0.6780661378322657 0.4863291315405697
2 0.7824594929276499 0.49489849394099134 0.7827426355631701 0.4918508512846641 0.8219875494474489 0.493901763793303 0.8217044068119288 0.49694940644963015
1 0.526701646540406 0.9689932147536598 0.5311848369738167 0.8836279039061987 0.6276054279704723 0.8864762848832299 0.6231222375370615 0.971841595730691
2 0.643261943955059 0.7037115736491109 0.6435522216688144 0.7004618336648573 0.689127986357742 0.7027517603121806 0.6888377086439865 0.706001500296434
2 0.715447379196014 0.5550303714132201 0.7157293111540656 0.5515527606050461 0.7565548183929837 0.5534144938190059 0.7562728864349321 0.55689210462718
3 0.6226858565128024 0.42387125491642136 0.6300385335250971 0.3697746701780218 0.7031788757329056 0.37536651557686923 0.6958261987206109 0.42946310031526885
2 0.7742900607414909 0.43519527957339554 0.7746658542116837 0.4320921918767316 0.8114260331343861 0.43459631295253376 0.8110502396641932 0.43769940064919777
2 0.6396149950184322 0.5489131897732648 0.6400055658124948 0.5461252906239499 0.6817195468020572 0.5494124962457776 0.6813289760079945 0.5522003953950925
2 0.8186462451905955 0.8012492455599355 0.818876923790635 0.7983129542893838 0.8654155715748395 0.8003695288541334 0.8651848929747998 0.8033058201246851
2 0.7104582175431698 0.49000960767125934 0.710721883704412 0.4866466821093184 0.7500597597185688 0.48838156664514354 0.7497960935573266 0.49174449220708455
2 0.7327878560627501 0.7974578388128524 0.733004985043123 0.794042223218695 0.7805722935429296 0.7957431276417117 0.7803551645625566 0.7991587432358691
2 0.7901812120400806 0.5601318365440353 0.7904638775362547 0.5575414485162501 0.8317708580804409 0.5600768921021047 0.8314881925842668 0.56266728012989
4 0.5388954045117168 0.5954767786005828 0.544886837181599 0.5435290595807893 0.8639392498246489 0.5642280307787274 0.8579478171547668 0.6161757497985209
4 0.5423667521450796 0.5251643063290771 0.548086452436587 0.47787044059700406 0.8525341041225311 0.49858156197643566 0.8468144038310235 0.5458754277085086
2 0.6423417034767809 0.6221470379379769 0.6426216956734807 0.6196262333154727 0.6855445166054074 0.6223079785934968 0.6852645244087076 0.624828783216001
2 0.7214816283680251 0.6270932733818351 0.7217500125738114 0.624676976947408 0.7642181778278129 0.627330316107406 0.7639497936220265 0.6297466125418331
2 0.6458749181259941 0.7891122353369517 0.6930151920240636 0.7891122353369517 0.6930151920240636 0.7947610933463538 0.6458749181259941 0.7947610933463538
2 0.5583286951724361 0.7843937774702745 0.6052917499957011 0.7843937774702745 0.6052917499957011 0.7897768068674694 0.5583286951724361 0.7897768068674694
2 0.5546957041389385 0.8842124213540629 0.6041398260094702 0.8842124213540629 0.6041398260094702 0.8891302506798953 0.5546957041389385 0.8891302506798953
2 0.7389787412573797 0.8915440964510715 0.7875819431310077 0.8915440964510715 0.7875819431310077 0.8967720440003468 0.7389787412573797 0.8967720440003468
0 0.8384771936730983 0.8137432313461906 0.858214813025789 0.8137432313461906 0.858214813025789 0.8412437637497309 0.8384771936730983 0.8412437637497309
0 0.8185744059576233 0.6414932750078015 0.8357519156871619 0.6414932750078015 0.8357519156871619 0.6645342616161729 0.8185744059576233 0.6645342616161729
0 0.8091598092789342 0.5689017795642229 0.8247682195620246 0.5689017795642229 0.8247682195620246 0.5890316737785258 0.8091598092789342 0.5890316737785258
0 0.7984238656979724 0.5013272731402091 0.8139496917996707 0.5013272731402091 0.8139496917996707 0.5199706520894558 0.7984238656979724 0.5199706520894558
