4 0.09902112352639499 0.1384260325660412 0.5606408420148409 0.14355514054905308 0.5591163599631187 0.22073204442039515 0.09749664147467275 0.21560293643738324
0 0.48870623922249795 0.1486060693424416 0.5174687042565189 0.1486060693424416 0.5174687042565189 0.18868177062317817 0.48870623922249795 0.18868177062317817
1 0.4472257030076146 0.13914282936875574 0.5604230220942283 0.13914282936875574 0.5604230220942283 0.22452228176112118 0.4472257030076146 0.22452228176112118
1 0.3348843182808215 0.13769844013655427 0.44337399838841884 0.13769844013655427 0.44337399838841884 0.22323838022138315 0.3348843182808215 0.22323838022138315
1 0.22098986144347785 0.1369527647113353 0.33009035209472526 0.1369527647113353 0.33009035209472526 0.22091189570190295 0.22098986144347785 0.22091189570190295
1 0.09792055007414882 0.13521861367535337 0.2166439637906627 0.13521861367535337 0.2166439637906627 0.221424419829687 0.09792055007414882 0.221424419829687
2 0.12886706072561846 0.13527025435931908 0.19187270121889222 0.13527025435931908 0.19187270121889222 0.14008938266900284 0.12886706072561846 0.14008938266900284
2 0.24399068145695424 0.13707742747545068 0.30628237701545946 0.13707742747545068 0.30628237701545946 0.14055790903244436 0.24399068145695424 0.14055790903244436
2 0.35804338478613756 0.137679818514161 0.41819324554033965 0.137679818514161 0.41819324554033965 0.14169575877223126 0.35804338478613756 0.14169575877223126
2 0.469686523960476 0.13915232994211996 0.5294794122472904 0.13915232994211996 0.5294794122472904 0.14330213487545876 0.469686523960476 0.14330213487545876
