1 0.5351661692854617 0.8511560964054858 0.5347807616227667 0.743707614844782 0.6726980795230667 0.7434293480458443 0.6730834871857617 0.850877829606548
1 0.6765091946538352 0.8516187786932643 0.6767514241227718 0.7437148575021264 0.8199965820621239 0.7438957382009991 0.8197543525931874 0.851799659392137
4 0.3897404182352576 0.84649886747485 0.3902290250060911 0.7455475735295373 0.9724805041044082 0.7471327613185391 0.9719918973335748 0.8480840552638519
1 0.8245770668307127 0.8521247789423496 0.8239265134452961 0.7431482164423496 0.9736410321276204 0.7426454847295253 0.9742915855130371 0.8516220472295253
2 0.42827068446163724 0.8502530104542424 0.42821180800057984 0.8442536216102229 0.5028123276274911 0.8438418095456336 0.5028712040885485 0.8498411983896531
0 0.4413158766307035 0.838341044327843 0.4396588128286201 0.786870585343468 0.47615759342137987 0.7862096148518443 0.4778146572234632 0.8376800738362192
2 0.5673412822674249 0.8509736550805579 0.5673121725271163 0.8453977169505594 0.6435113470837699 0.8451739514246712 0.6435404568240785 0.8507498895546697
1 0.38958894857390114 0.8491036322899075 0.38953985840429967 0.7432857643531235 0.5332540511002534 0.7432482620696717 0.5333031412698549 0.8490661300064556
2 0.8547698012193117 0.8513324197805676 0.8547683732629069 0.846185201482233 0.9332556779729873 0.846172953506887 0.933257105929392 0.8513201718052217
2 0.709472990157711 0.8510141175771837 0.7094495619279206 0.8458587660380802 0.786274136348687 0.845662383042604 0.7862975645784774 0.8508177345817075
