1 0.4381913075995475 0.6135323026269041 0.43359262878517224 0.4860036788423808 0.6146357606658239 0.4823314478986292 0.6192344394801993 0.6098600716831525
1 0.43437052419083266 0.4841892109501277 0.4279159447903896 0.3601502360299392 0.6022909445858072 0.3550461671570285 0.6087455239862504 0.4790851420772171
1 0.1868535219898473 0.9280265396901813 0.18690283618850811 0.7641955857602786 0.3869859050169689 0.7642294630678453 0.3869365908183081 0.9280604169977481
1 0.19146000315256084 0.7623080720820701 0.19397945122929589 0.618099502650069 0.3874557605315167 0.6200008640148821 0.3849363124547817 0.7642094334468832
4 0.18854472292263474 0.9254775998596395 0.2167241604448523 0.36087605155932956 0.407666115185055 0.36623666074707517 0.3794866776628375 0.9308382090473851
1 0.44892959404882293 0.9238788372715011 0.4363409570700846 0.7621462175633933 0.6389185159211411 0.7532768031182905 0.6515071528998795 0.9150094228263982
4 0.4534176578936337 0.9205422015949294 0.43628056113494296 0.35966796596945677 0.6259322256326671 0.35640846628278916 0.6430693223913578 0.9172827019082618
1 0.20575592519413666 0.4899973842666685 0.20492138534681922 0.3635226513141275 0.3811912013335817 0.36286840123341213 0.38202574118089916 0.4893431341859532
1 0.19990780583609555 0.6190770040849926 0.20076194579197515 0.49126809570509833 0.38432657868209746 0.49195814394040316 0.38347243872621783 0.6197670523202974
1 0.0020888343729507587 0.7692311175608014 -4.1744385725905886e-17 0.6297221995934067 0.14902987610665805 0.62846704302748 0.15111871047960881 0.7679759609948748
3 0.4136860635074751 0.7692649050700082 0.41195892097423925 0.602804346341291 0.4735629244258099 0.6024448054466931 0.47529006695904574 0.7689053641754103
0 0.2413291711756282 0.4374092406613526 0.240452421501149 0.41378344720432136 0.30195608469183804 0.41249960183046636 0.30283283436631725 0.4361253952874976
0 0.4651495360969114 0.42981135620322336 0.4650838622687864 0.40301478637900456 0.5366529541374636 0.4029161218241205 0.5367186279655887 0.42971269164833925
2 0.20469408996881433 0.4635505939799681 0.2086417090799413 0.39826835155356605 0.21674551530814387 0.39854399759101883 0.2127978961970169 0.4638262400174209
2 0.4363049607933756 0.5848135188464377 0.4338408494652506 0.514266399705813 0.4411632499382778 0.5141225340778026 0.4436273612664028 0.5846696532184273
2 0.1994739845358068 0.5921494633774147 0.20091586732897326 0.5215306214086618 0.21013518598749556 0.5216365055016235 0.2086933031943291 0.5922553474703764
2 0.43154125010660593 0.45658753940615093 0.43025015310139764 0.39143824741396344 0.4404833074406322 0.3913241748443939 0.44177440444584054 0.4564734668365814
2 0.193341385981307 0.7324375792953096 0.19455507128484856 0.6556050280191046 0.20398111844070965 0.6556887834492753 0.2027674331371681 0.7325213347254804
2 0.44334690162240226 0.7962903808302643 0.45389312252101394 0.7962903808302643 0.45389312252101394 0.8793418704068303 0.44334690162240226 0.8793418704068303
2 0.18745267567252044 0.8018610959909394 0.19830391647964973 0.8018610959909394 0.19830391647964973 0.8850539421789306 0.18745267567252044 0.8850539421789306
