1 0.7258313787670457 0.78633066213056 0.7258997381420457 0.7013304179899348 0.8507672526015032 0.7013869051712313 0.8506988932265032 0.7863871493118564
1 0.7345988771286297 0.9496293023389042 0.7350588380661297 0.8679795220654667 0.8548469236526204 0.8683591009814084 0.8543869627151204 0.950008881254846
1 0.731203531864842 0.8674720970305954 0.7309068196252586 0.7862987571868454 0.8521302897497415 0.7860495094147171 0.8524270019893249 0.867222849258467
2 0.8435581554295436 0.7686511730004093 0.8434756995077487 0.7237594366243427 0.8501555807310518 0.7237525350731415 0.8502380366528467 0.7686442714492082
0 0.7793536783957025 0.9213919020055938 0.7793989257915358 0.9005736647009063 0.8358800059827164 0.9006427165249029 0.835834758586883 0.9214609538295904
1 0.7214577596768309 0.703625137922425 0.7216778268430456 0.6221117562181572 0.8485525866912711 0.6223044306558705 0.8483325195250564 0.7038178123601383
2 0.8467721199919463 0.8502797601116192 0.8467537019039595 0.8049352723542216 0.8515820852143354 0.8049341691794789 0.8516005033023224 0.8502786569368765
2 0.8411042213404258 0.684998966532443 0.8408892556909349 0.6390457844838363 0.8465521500043494 0.6390308835165661 0.8467671156538404 0.6849840655651728
2 0.8496765005685021 0.9316405100366087 0.8497054719226688 0.8859517893334846 0.8548419869696031 0.885953621440716 0.8548130156154364 0.9316423421438401
4 0.7428299376293599 0.9539384150561496 0.7248146885277196 0.6211267766840781 0.8354123465855996 0.6177592563714904 0.8534275956872399 0.950570894743562
