4 0.5998072119017099 0.39418300824239744 0.7222357608038956 0.38860016172481043 0.75364098023154 0.7759928080357278 0.6312124313293545 0.7815756545533147
1 0.6044376865029335 0.49322691559789 0.7414163574576378 0.49322691559789 0.7414163574576378 0.586949699513676 0.6044376865029335 0.586949699513676
1 0.6217573061585426 0.6830652287399236 0.7570455893874167 0.6830652287399236 0.7570455893874167 0.7769040577113482 0.6217573061585426 0.7769040577113482
1 0.6133418828248978 0.5877760410124095 0.7504103630781174 0.5877760410124095 0.7504103630781174 0.6792488887536627 0.6133418828248978 0.6792488887536627
1 0.5957008004188538 0.389406426232463 0.7343607544898987 0.389406426232463 0.7343607544898987 0.4918950349092485 0.5957008004188538 0.4918950349092485
0 0.6721026934683323 0.7217586589977145 0.7353279553353786 0.7217586589977145 0.7353279553353786 0.7445913003757596 0.6721026934683323 0.7445913003757596
2 0.7221582703255323 0.4142555568394945 0.7328825302903172 0.4142555568394945 0.7328825302903172 0.46665628366449313 0.7221582703255323 0.46665628366449313
2 0.738627992999032 0.6068420544183165 0.7487368146925847 0.6068420544183165 0.7487368146925847 0.6577962510620764 0.738627992999032 0.6577962510620764
2 0.7487093795172775 0.7017266097287771 0.7575531950068775 0.7017266097287771 0.7575531950068775 0.7513223250028411 0.7487093795172775 0.7513223250028411
2 0.7314234519675716 0.5109476171631322 0.7407714449634166 0.5109476171631322 0.7407714449634166 0.5621620787897582 0.7314234519675716 0.5621620787897582
