1 0.13593676251586043 0.15359757034722313 0.1361008250158604 0.087912481235895 0.23455525205119684 0.0880508061176206 0.23439118955119687 0.15373589522894873
4 0.13209322140463908 0.3664264888480225 0.1372766465125683 0.0886291966124112 0.23442431014860324 0.08964882919984057 0.22924088504067405 0.36744612143545186
1 0.130280400621712 0.22121862132096215 0.13056079612952454 0.15416921336197778 0.23904939267255887 0.15442441456770972 0.23876899716474637 0.22147382252669412
1 0.12446315517661041 0.29189256515510476 0.12482114671306874 0.2214740470886985 0.23790964755776464 0.2217974372863015 0.2375516560213063 0.2922159553527077
1 0.12353448081206105 0.36727285721808056 0.12370194502315415 0.29272105322973024 0.23709969071903333 0.29286433495386444 0.23693222650794027 0.3674161389422148
2 0.1352022184476379 0.14135142854233582 0.1352956554794809 0.10378415181670314 0.14207262149546385 0.1037936331006849 0.14197918446362087 0.14136090982631758
0 0.15080870729992918 0.10932890568501742 0.19851047915707773 0.10932890568501742 0.19851047915707773 0.12688375029704255 0.15080870729992918 0.12688375029704255
2 0.13445761707887927 0.17044988917475304 0.13834867352167673 0.17044988917475304 0.13834867352167673 0.20806343478845873 0.13445761707887927 0.20806343478845873
2 0.12925767702989924 0.23793374821855204 0.13500375218643013 0.23793374821855204 0.13500375218643013 0.27539373818132085 0.12925767702989924 0.27539373818132085
2 0.1224957304506275 0.3087978809078319 0.13068310575066944 0.3087978809078319 0.13068310575066944 0.3481208997767833 0.1224957304506275 0.3481208997767833
