3 0.6311452828499329 0.41458427979700185 0.6372391956103496 0.30615758301965806 0.7887879446891296 0.31094867918737334 0.7826940319287129 0.4193753759647171
3 0.35037325103050404 0.4208016633490436 0.34901077185408547 0.36744822819413414 0.49838935117328537 0.36530248206245314 0.499751830349704 0.4186559172173626
3 0.19402680460567395 0.421371834026054 0.19403071085567394 0.3524562456471477 0.3600840352380761 0.3524615399973835 0.36008012898807606 0.42137712837628977
0 0.6866079899012696 0.3980729431691936 0.6896970198491863 0.3486039490285686 0.7304248877028967 0.3500344996837115 0.7273358577549801 0.3995034938243365
2 0.26287803265611054 0.4201071493016415 0.2630316671947943 0.4125663892230529 0.3352611196722116 0.4133941609467908 0.3351074851335278 0.42093492102537944
4 0.22726518322865064 0.5136056637999424 0.2267990420517211 0.4188701789068495 0.7714017025771845 0.41736285331971285 0.771867843754114 0.5120983382128057
2 0.6633107000325476 0.41815688708524995 0.6633997703383339 0.4099539236037041 0.7354566325968533 0.41039403238975614 0.735367562291067 0.418596995871302
2 0.529693647987284 0.41856485171590774 0.5297675063206815 0.4112760282668648 0.6011693861681847 0.4116830093708341 0.6010955278347873 0.41897183281987704
2 0.39526258343467435 0.41965795641485343 0.39532476633381186 0.4135719521894327 0.46893389702426685 0.4139950033903734 0.4688717141251294 0.4200810076157941
3 0.5004350430216267 0.3145445667454077 0.6405714287480815 0.3145445667454077 0.6405714287480815 0.41911334188139143 0.5004350430216267 0.41911334188139143
