1 0.5057785686092561 0.22234774430121937 0.49920450762389906 0.14402515173978048 0.6048292651625592 0.13903820275240655 0.6114033261479163 0.21736079531384545
1 0.6153390791128556 0.21572070535497267 0.6069680974819815 0.13793098603647655 0.7097272150180174 0.1317108901842264 0.7180981966488915 0.2095006095027225
1 0.8299741218591816 0.204874068592016 0.8222739265466815 0.12287556395334415 0.937139159390818 0.11680810380367555 0.9448393547033181 0.19880660844234743
1 0.7219292819308585 0.20956037772543426 0.7143612480766918 0.13026127494223114 0.8210671373399748 0.12453297554605021 0.8286351711941415 0.20383207832925335
2 0.6317420831879723 0.1412841332053597 0.6312872380524001 0.13765633496169447 0.6883647489330746 0.13363094480287283 0.6888195940686469 0.13725874304653807
2 0.7379634787349392 0.13545487654364882 0.7374471888540928 0.1314548050871341 0.7953193403472465 0.12725317302393394 0.7958356302280928 0.13125324448044864
2 0.5266926203429174 0.1474935995634787 0.5263731233576915 0.14306652175911988 0.5826391531519017 0.14078240443107096 0.5829586501371276 0.14520948223542976
4 0.5053569963559769 0.21844086410645489 0.49755115418101786 0.14940800014138458 0.9338457597780683 0.12165779200030455 0.9416516019530272 0.19069065596537485
2 0.8456079041055324 0.12754398669535297 0.8451992999392648 0.12394444716644545 0.9051686154307825 0.12011525235466065 0.9055772195970502 0.12371479188356817
0 0.8704338646581599 0.1664819977598928 0.867752604126107 0.13132504219279914 0.8980636393634746 0.13002471977009133 0.9007448998955274 0.165181675337185
