4 0.5400516705212519 0.34005216580532005 0.5382993633035569 0.2942530031494052 0.7959645384944319 0.2887076275894715 0.797716845712127 0.3345067902453863
1 0.6065214029810501 0.3409093624213834 0.6046753743352167 0.2909912105659147 0.6653822428522833 0.2897283939262728 0.6672282714981166 0.3396465457817416
1 0.6677078051636367 0.3404071223506115 0.66541613849697 0.2893565242060802 0.7290205070108423 0.28775047042282603 0.7313121736775089 0.33880106856735726
1 0.5393926541550347 0.34293944483107625 0.5361545011156946 0.292573162925203 0.6036048576082637 0.29013386832479643 0.6068430106476037 0.34050015023066965
0 0.5641593608916903 0.33475375126846435 0.5630376029094654 0.3096969787247597 0.5796528277027614 0.3092785680209957 0.5807745856849863 0.33433534056470027
2 0.5569513632272861 0.34239415757877856 0.5568592534010165 0.3398335362398144 0.590153719130685 0.3391598538734751 0.5902458289569548 0.3417204752124392
1 0.7321587739828784 0.3386103131380656 0.7295098482016285 0.2885497662630656 0.7965520007567048 0.28655429867834054 0.7992009265379548 0.33661484555334054
2 0.6198378610718305 0.34092509653784103 0.6198027155836315 0.3381368825814079 0.653703675714967 0.337896513829323 0.653738821203166 0.34068472778575615
2 0.6827762409741802 0.339387833946564 0.6826505697770463 0.3371646274025624 0.7171746603099803 0.3360668843085154 0.7173003315071143 0.338290090852517
2 0.7461802085016979 0.33422333853310854 0.7799058676430175 0.33422333853310854 0.7799058676430175 0.3375393522748998 0.7461802085016979 0.3375393522748998
