1 0.09566975400273892 0.8026849266822399 0.09548697405482225 0.7323643700416148 0.193074854558459 0.7322216895286977 0.19325763450637568 0.8025422461693227
4 0.10517618335516753 0.8803264851899525 0.09487340393087286 0.5915558746351967 0.17881087866914921 0.5898713404183155 0.18911365809344385 0.8786419509730712
1 0.09602421063301594 0.8809912175790764 0.09578198244291176 0.8045195378915764 0.1949255777784424 0.8043428888662361 0.19516780596854658 0.8808145685537361
1 0.09119922892292869 0.6617236329543909 0.09099826049844952 0.5909029542434533 0.18697462971964945 0.590749755717484 0.1871755981441286 0.6615704344284216
1 0.09285111487607182 0.7317435135614191 0.09271582027971766 0.662761335827044 0.19016650393903237 0.6626538253057684 0.19030179853538653 0.7316360030401434
0 0.13052132670328384 0.8544651465620099 0.13054179382567968 0.8346187110151349 0.17726600646728907 0.8346458153520526 0.17724553934489323 0.8544922508989277
2 0.18237758685875052 0.8599057332449747 0.18230922748375053 0.8194493123465385 0.19436554250051108 0.8194378533196562 0.19443390187551107 0.8598942742180924
2 0.18268094466258455 0.7868961875765224 0.18257388899852203 0.747646797928085 0.19075165138348993 0.7476342511055188 0.19085870704755242 0.7868836407539562
2 0.17708510187232485 0.6457280411788637 0.17709572198951234 0.6062180314132388 0.18610025308062997 0.6062193928761056 0.18608963296344244 0.6457294026417305
2 0.1798216228867843 0.7153415647344452 0.17973983577740926 0.6771130491094457 0.1875755209514154 0.6771036194300086 0.18765730806079042 0.7153321350550081
