3 0.4274260972572337 0.5884752156006214 0.4255615939800645 0.5003217210400175 0.5688815343299192 0.4986166096188952 0.5707460376070883 0.5867701041794992
3 0.5738387873269294 0.5877951224342437 0.5740430492341679 0.5145738946731462 0.7231511377940539 0.5148078721781736 0.7229468758868153 0.5880290999392712
4 0.294331059115224 0.6886735005186013 0.2933357638821012 0.5896512835074488 0.8672484706662261 0.5864064856562764 0.8682437658993488 0.685428702667429
3 0.714290710326483 0.5847476799357693 0.7183136595452329 0.48917941211350385 0.8819589582792233 0.4930542799666503 0.8779360090604734 0.5886225477889158
0 0.7712517079682235 0.566527915539901 0.7732603342703069 0.522103599133651 0.8139691579171932 0.5231389545772867 0.8119605316151098 0.5675632709835366
2 0.7454319956368607 0.5870660741161378 0.7456876974262594 0.5787315846300177 0.8232086268836944 0.5800694002492296 0.8229529250942957 0.5884038897353496
2 0.6019906249029259 0.587393633748961 0.6023182657732106 0.5795060267437516 0.6811721097738286 0.5813484873159925 0.6808444689035439 0.589236094321202
2 0.4661881523448752 0.5889222486844997 0.4662595549417498 0.581467976974169 0.5408697397515932 0.5818699801007123 0.5407983371547187 0.5893242518110431
2 0.3341422867174707 0.5898044554312947 0.33412633977610495 0.583511490148112 0.405676836040321 0.5834095002310435 0.40569278298168676 0.5897024655142262
3 0.2722094306322691 0.5920102852520678 0.2689103682810062 0.5185794385096945 0.43012464503730097 0.5145052791383706 0.43342370738856395 0.587936125880744
