4 0.40800217358365826 0.14644156138447945 0.8974460023487921 0.15553339721279782 0.8946613979837096 0.23985469814421334 0.40521756921857577 0.23076286231589496
0 0.8233129270002856 0.1620465584645143 0.8519676963676047 0.1620465584645143 0.8519676963676047 0.20589219328883804 0.8233129270002856 0.20589219328883804
1 0.4048824552068118 0.14355143120034203 0.5292944056400033 0.14355143120034203 0.5292944056400033 0.2402146377869104 0.4048824552068118 0.2402146377869104
1 0.5340362643594447 0.14529974113091562 0.6515898104864444 0.14529974113091562 0.6515898104864444 0.238302754579089 0.5340362643594447 0.238302754579089
1 0.6550928952592298 0.14782485749301325 0.7701291497823997 0.14782485749301325 0.7701291497823997 0.24137027512531292 0.6550928952592298 0.24137027512531292
1 0.7741854469081894 0.1509756574714652 0.8948815700020756 0.1509756574714652 0.8948815700020756 0.24371332547804775 0.7741854469081894 0.24371332547804775
2 0.7989188055880405 0.15085093369420663 0.8627768447667686 0.15085093369420663 0.8627768447667686 0.155996067136607 0.7989188055880405 0.155996067136607
2 0.680134102239148 0.14831416157065386 0.7440968398021612 0.14831416157065386 0.7440968398021612 0.15311813304488583 0.680134102239148 0.15311813304488583
2 0.5596965075330516 0.14560769876826968 0.6247418302170249 0.14560769876826968 0.6247418302170249 0.15074997809280036 0.5596965075330516 0.15074997809280036
2 0.43898826654671635 0.14378083637666034 0.5031314349632217 0.14378083637666034 0.5031314349632217 0.14865246942095192 0.43898826654671635 0.14865246942095192
