1 0.3087670890242613 0.6675357383402573 0.3108725577742613 0.5833298057230697 0.4188896492569887 0.5848490272847426 0.4167841805069887 0.6690549599019302
1 0.41822366570632363 0.6660064020098114 0.4197517902007993 0.5835183193878806 0.5315171713877432 0.5846829745574345 0.5299890468932676 0.6671710571793653
1 0.28463987159444515 0.9417573933240996 0.28791852915019156 0.8363402416963791 0.4046143687990272 0.8383818042020588 0.40133571124328077 0.9437989558297792
1 0.20217079740562383 0.667055947684777 0.20484482898114467 0.5839359525675896 0.3096078077376053 0.5858317476277228 0.3069337761620845 0.6689517427449103
2 0.18494252704601485 0.9441871195048851 0.18486564472128963 0.9390840427795022 0.25152527246219675 0.9385191320550937 0.251602154786922 0.9436222087804768
1 0.08553238920354683 0.667639529156571 0.0891796060004218 0.5824128445862585 0.20343109142796356 0.5851630831481165 0.19978387463108865 0.670389767718429
4 0.08394776812310561 0.6640760454011138 0.08347537218525886 0.5882657916304681 0.5294999398042531 0.5867024297739006 0.5299723357420999 0.6625126835445464
1 0.03001418812667714 0.9435556514969976 0.03975790707754588 0.8353645251054036 0.16951081710772042 0.8419376629489468 0.15976709815685167 0.9501287893405408
2 0.11095395413027707 0.6677654699740344 0.11110893241909167 0.6641153234348484 0.17391599071377054 0.6656153244080872 0.17376101242495592 0.6692654709472732
1 0.40423388661425386 0.9420714661177275 0.4024178872652955 0.8369262024458525 0.5293103028388714 0.8356934264603976 0.5311263021878297 0.9408386901322725
4 0.03241166138140161 0.9410558739191344 0.030888832083738726 0.8448626477669641 0.5277328876599832 0.8404382989652106 0.5292557169576462 0.9366315251173809
2 0.3079278043988367 0.9427951263319773 0.30787695868768766 0.938383051324873 0.3752841044866598 0.9379460931145581 0.37533495019780877 0.9423581681216624
2 0.22169422995551788 0.6677775451551097 0.22174378995430713 0.6634819782343055 0.2842553843347999 0.6638876678584918 0.28420582433601066 0.668183234779296
1 0.16074357621844113 0.9425998505596018 0.16678434770281614 0.8367114228252268 0.2858886259299964 0.8405334502216482 0.27984785444562144 0.9464218779560232
2 0.33304497471692524 0.6671502065585928 0.3331524207050408 0.6631078500054708 0.3948181925988355 0.6640298316726413 0.39471074661072 0.6680721882257633
0 0.07589249464357119 0.9302687036641654 0.0801221292464357 0.8784706079610404 0.1123997968023464 0.8799531729082519 0.10817016219948186 0.9317512686113769
0 0.126646159418334 0.6530245264318986 0.12891630101989648 0.6139896143225236 0.15776167749572853 0.6149332372399765 0.15549153589416603 0.6539681493493515
2 0.44222941978369235 0.666765462311065 0.4423984254274452 0.6613199887732167 0.5027866309161402 0.6623742305124203 0.5026176252723873 0.6678197040502685
2 0.0606110184460431 0.9453884174881779 0.060680455623048316 0.9402103002809942 0.1284936417509184 0.9407218134934757 0.1284242045739132 0.9458999307006594
2 0.43048499950474 0.9421508103526476 0.43050619904972376 0.9367467675333494 0.49752841413111376 0.9368946610248441 0.49750721458613006 0.9422987038441423
