1 0.5007613930450002 0.5451151699250203 0.49599487286270855 0.456734005374239 0.6047301434133331 0.45343536718435473 0.6094966635956247 0.541816531735136
1 0.38875126165655677 0.548343389803942 0.38488309759405676 0.4599877074308952 0.4940511471976099 0.4572993409089486 0.4979193112601099 0.5456550232819954
1 0.612200094049782 0.540463021650302 0.6076408492581153 0.4521946195506927 0.7246625361585515 0.44879463826180727 0.7292217809502181 0.5370630403614166
0 0.31097151583316684 0.5396017224349758 0.30898592013004184 0.49754312868497585 0.3385964773308956 0.49675679807283674 0.3405820730340206 0.5388153918228368
1 0.2671076353741753 0.5540575535449531 0.26291614774396693 0.46583022810549995 0.38449453747738715 0.46258127091793766 0.3886860251075955 0.5508085963573908
2 0.4143033645648575 0.5485354030703804 0.41410288203638873 0.5451616198426767 0.4755219527528958 0.5431086379255404 0.4757224352813646 0.5464824211532441
2 0.5268660423621251 0.5435488852688656 0.5266741178276441 0.5404218474413915 0.5864689592237831 0.538357496136891 0.5866608837582641 0.541484533964365
2 0.6387343926564044 0.5394251156858225 0.638533799130702 0.5360892107119533 0.698301474452197 0.534067625128595 0.6985020679778995 0.5374035301024643
4 0.2680085513194685 0.5492242915716389 0.2628825790441693 0.4692333293890384 0.7240355974435524 0.45261057781312697 0.7291615697188515 0.5326015399957276
2 0.301386065454398 0.5525650814772478 0.3011912258134748 0.5490570575285316 0.3618133790141152 0.5471631068919252 0.3620082186550384 0.5506711308406413
