0 0.07750814546234973 0.20461072894027915 0.07545502453136015 0.1598939625828573 0.10871301034005913 0.1590350230128458 0.11076613127104872 0.2037517893702677
1 0.2848152165211487 0.21669695270236594 0.2789806624846904 0.12072774493869406 0.39743258621322625 0.11667694866482155 0.4032671402496846 0.21264615642849344
1 0.16246007289994502 0.22220337037594173 0.15741279099890337 0.1257738964989886 0.27595194492232067 0.12228384275882384 0.28099922682336226 0.21871331663577698
1 0.037904829499803436 0.22361854579245347 0.036245792227667925 0.13083219935690657 0.15867198678834923 0.12960088499265718 0.16033102406048474 0.22238723142820407
1 0.40617614788441353 0.21101042927043184 0.4007190352542052 0.11413652790324433 0.5275491939124614 0.11011768352253687 0.5330063065426697 0.20699158488972438
2 0.06969099261395839 0.22275985881814558 0.06955381779549326 0.2191982243275886 0.1334694104216594 0.2178135284711376 0.13360658524012453 0.22137516296169457
4 0.03812778182394292 0.22085674385615622 0.032227245653485455 0.13564609619097717 0.5254911960406398 0.11643290457017547 0.5313917322110973 0.20164355223535452
2 0.18869489208363677 0.2186605814276142 0.18855434221610926 0.21476016296859143 0.25294179400465167 0.213455065335647 0.2530823438721792 0.21735548379466976
2 0.30787991818334104 0.21294290457056533 0.30783166383396154 0.20962566602597862 0.37887414384021534 0.2090443659204018 0.3789223981895949 0.2123616044649885
2 0.42997124421909105 0.21073484999433642 0.42978438873993713 0.20543926068950807 0.5014735154467472 0.20401638369522276 0.5016603709259011 0.20931197300005114
