3 0.8503217632555914 0.7157309742341872 0.8408012554430915 0.6587971363435623 0.9152825904231722 0.6517913057376824 0.9248030982356722 0.7087251436283073
2 0.848376429926085 0.7037988804618197 0.8431672564216169 0.6740741674811913 0.8484713932265148 0.6735513038955627 0.8536805667309829 0.7032760168761911
3 0.8756777207667844 0.8456517441790325 0.8651609909254143 0.776043618999343 0.9500961778720847 0.76882538503281 0.9606129077134546 0.8384335102124996
1 0.5933529806415115 0.7738617382725854 0.5911822222738123 0.7156715601571926 0.6709471102221529 0.7139977889855228 0.6731178685898521 0.7721879671009155
4 0.8057459650630772 0.8472732192434717 0.7549111079563243 0.608052821716254 0.8274565334985113 0.5993812871675293 0.8782913906052642 0.8386016846947469
2 0.8731867503236954 0.8228343162750726 0.8666580551125235 0.7892254504053354 0.871988624977927 0.7886429869216083 0.8785173201890989 0.8222518527913455
4 0.17293262293710587 0.8445723835246646 0.20184461586280256 0.5964243869890733 0.2798666487842276 0.6015377549333775 0.25095465585853094 0.8496857514689687
1 0.4929713500638296 0.7747457109137053 0.4914705409185386 0.7150373986359633 0.5708034239700412 0.713915725196814 0.5723042331153323 0.773624037474556
1 0.5957736966879581 0.8413402776451504 0.5956544925582863 0.7752408622845893 0.678587739371991 0.7751567334489935 0.6787069435016629 0.8412561488095546
3 0.22821399483226187 0.7102890499241687 0.23348866104838378 0.6452757959319311 0.2781269404200587 0.6473129461351624 0.2728522742039368 0.7123262001274001
2 0.25882210213899765 0.7619779396951871 0.2639405285536932 0.728542914569002 0.26851505808804277 0.7289368307064124 0.26339663167334726 0.7623718558325975
1 0.6926237343259485 0.7740677342297468 0.6885642919826582 0.716273212167744 0.7659899125504465 0.7132141597238756 0.7700493548937367 0.7710086817858784
2 0.6676220304608799 0.7605577717942253 0.6655143181917212 0.728177811868302 0.6704517987715282 0.7279970266392101 0.6725595110406868 0.7603769865651334
2 0.7648478353278082 0.7608261374904821 0.7618725318695619 0.7292084677854525 0.7668565701775399 0.7289446492486799 0.7698318736357862 0.7605623189537095
1 0.590371352160379 0.7157581878125925 0.5869134257280874 0.6598753753125925 0.6626497140302792 0.6572392622200894 0.6661076404625709 0.7131220747200895
4 0.29549991586667634 0.5988038855825694 0.37575611293215555 0.6014256714389165 0.36154753706041487 0.8460808642389586 0.28129133999493566 0.8434590783826116
4 0.39249624765184793 0.6018179199230395 0.46814125561026637 0.6021775633840113 0.46610849121490106 0.8426790009128065 0.39046348325648256 0.8423193574518346
4 0.48403440446485924 0.6030254408878224 0.5606245402628746 0.6006472439960114 0.5738620743103772 0.8404502646264146 0.4972719385123618 0.8428284615182254
4 0.576819222950154 0.6049580668062003 0.6512418130492397 0.600385302715914 0.6774259225046267 0.8400953946276343 0.603003332405541 0.8446681587179208
4 0.6678497797500682 0.606528442650877 0.7395621584930738 0.5998054784600938 0.779698555017095 0.840626412175837 0.7079861762740894 0.8473493763666201
3 0.4295975464829619 0.5886058596663283 0.4718530428583349 0.5886058596663283 0.4718530428583349 0.6549601938182891 0.4295975464829619 0.6549601938182891
3 0.22246217071454158 0.7730296851559361 0.26526768792312144 0.7730296851559361 0.26526768792312144 0.8441964933229147 0.22246217071454158 0.8441964933229147
2 0.8552430979935187 0.7297053654256609 0.8644670313195921 0.7297053654256609 0.8644670313195921 0.7608822600677887 0.8552430979935187 0.7608822600677887
2 0.7521810162968595 0.6724247394707454 0.760052106068442 0.6724247394707454 0.760052106068442 0.7022180441139624 0.7521810162968595 0.7022180441139624
2 0.771489783392773 0.7891997353788338 0.7794838589420364 0.7891997353788338 0.7794838589420364 0.8227748526857406 0.771489783392773 0.8227748526857406
2 0.6718713034711812 0.7891997353788339 0.678512535465954 0.7891997353788339 0.678512535465954 0.8235127673518265 0.6718713034711812 0.8235127673518265
2 0.6590807825923594 0.6715023461381381 0.6653530572540892 0.6715023461381381 0.6653530572540892 0.7015723687811373 0.6590807825923594 0.7015723687811373
2 0.5636438191119206 0.6700265168059665 0.5684402644414788 0.6700265168059665 0.5684402644414788 0.7003732574487478 0.5636438191119206 0.7003732574487478
2 0.5673333924423499 0.7275838607606641 0.5720068519942273 0.7275838607606641 0.5720068519942273 0.7600521060684422 0.5673333924423499 0.7600521060684422
2 0.571145951550454 0.7892919747120873 0.5754504537692944 0.7892919747120873 0.5754504537692944 0.8240662033513909 0.571145951550454 0.8240662033513909
2 0.467222969410034 0.669565320139662 0.47029761385205865 0.669565320139662 0.47029761385205865 0.700649975448529 0.467222969410034 0.700649975448529
2 0.3730158637064054 0.6149596348493076 0.3776893232582821 0.6149596348493076 0.3776893232582821 0.6439227854931789 0.3730158637064054 0.6439227854931789
2 0.368834347265252 0.6694730808064021 0.37350780681712914 0.6694730808064021 0.37350780681712914 0.7000043001157048 0.368834347265252 0.7000043001157048
2 0.3651447739348227 0.7276761000939247 0.37006420504206183 0.7276761000939247 0.37006420504206183 0.7601443454017028 0.3651447739348227 0.7601443454017028
2 0.36194714371511727 0.7903988467112235 0.3663746317116324 0.7903988467112235 0.3663746317116324 0.8252653146837806 0.36194714371511727 0.8252653146837806
2 0.2746272415616232 0.6149596348493087 0.28065354466799103 0.6149596348493087 0.28065354466799103 0.6435538281601361 0.2746272415616232 0.6435538281601361
1 0.784189290980374 0.7172727693791887 0.8643444325307663 0.7172727693791887 0.8643444325307663 0.7738081873590015 0.784189290980374 0.7738081873590015
1 0.6821868094044972 0.6598692451731994 0.7597376322763569 0.6598692451731994 0.7597376322763569 0.7145599374223834 0.6821868094044972 0.7145599374223834
1 0.6966552465074721 0.7761954794810039 0.7797040754784564 0.7761954794810039 0.7797040754784564 0.8400012871050494 0.6966552465074721 0.8400012871050494
1 0.491348124016485 0.657481953051207 0.5683202094042265 0.657481953051207 0.5683202094042265 0.7133662913613877 0.491348124016485 0.7133662913613877
1 0.4927949677267809 0.7754358865330836 0.5755544279557058 0.7754358865330836 0.5755544279557058 0.8418460128356621 0.4927949677267809 0.8418460128356621
1 0.3926733829742999 0.6573734397729393 0.47022420584615976 0.6573734397729393 0.47022420584615976 0.7129322382483014 0.3926733829742999 0.7129322382483014
1 0.2803983110553439 0.7780402052116152 0.36648551181794936 0.7780402052116152 0.36648551181794936 0.8434737120097507 0.2803983110553439 0.8434737120097507
1 0.28676442338064584 0.7152110170920188 0.37039198983574845 0.7152110170920188 0.37039198983574845 0.7747848068634504 0.28676442338064584 0.7747848068634504
1 0.2934199044480069 0.6574819530512108 0.3740090991114881 0.6574819530512108 0.3740090991114881 0.7122811585786664 0.2934199044480069 0.7122811585786664
1 0.2993519636602208 0.6009465350713994 0.3774815240161983 0.6009465350713994 0.3774815240161983 0.6550946609292242 0.2993519636602208 0.6550946609292242
1 0.1996644320208333 0.6010550483496719 0.2799642579422554 0.6010550483496719 0.2799642579422554 0.6563968202684897 0.1996644320208333 0.6563968202684897
1 0.18162923992354763 0.7156260405438389 0.26664823279138183 0.7156260405438389 0.26664823279138183 0.7755644305156626 0.18162923992354763 0.7755644305156626
0 0.25336103628033124 0.8015603593563142 0.2618563767473246 0.8015603593563142 0.2618563767473246 0.8143033700568041 0.25336103628033124 0.8143033700568041
0 0.317825678647516 0.8018102223112258 0.3479758085401786 0.8018102223112258 0.3479758085401786 0.8139285756244369 0.317825678647516 0.8139285756244369
0 0.5305423409288986 0.8005609075366678 0.5590267177888175 0.8005609075366678 0.5590267177888175 0.8126792608498788 0.5305423409288986 0.8126792608498788
0 0.6328195771393669 0.801060633446491 0.6608042280894626 0.801060633446491 0.6608042280894626 0.8130540552822463 0.6328195771393669 0.8130540552822463
0 0.7337642109236415 0.7991866612846542 0.7627483136933835 0.7991866612846542 0.7627483136933835 0.8118047405076884 0.7337642109236415 0.8118047405076884
0 0.8910597516585558 0.7985620038973752 0.9213764568544927 0.7985620038973752 0.9213764568544927 0.8115548775527768 0.8910597516585558 0.8115548775527768
