1 0.7859820132511834 0.6553043518304189 0.7823666161157667 0.591309722924169 0.8746973487279833 0.5883755798102059 0.8783127458634 0.652370208716456
4 0.451223604533843 0.8081844103476162 0.4470088911343173 0.5344621245817905 0.5357080609933846 0.5336938791756454 0.5399227743929104 0.8074161649414711
4 0.3319868220485068 0.8100021961421053 0.3402222239994002 0.5356804620145154 0.42598800511379353 0.5371287707746197 0.41775260316290014 0.8114505049022098
4 0.10127641754231478 0.8124352470812201 0.13173699896997654 0.5398381264033519 0.21384406028800856 0.5449989612343475 0.18338347886034684 0.8175960819122157
4 0.5734241001288585 0.8074665006721391 0.5548775040781234 0.5334956128203808 0.6429281168038423 0.5301427583365896 0.6614747128545774 0.8041136461883478
4 0.820279011240721 0.8067091223591415 0.7759197355033315 0.5283655284508668 0.8612753815662445 0.5207138273472616 0.9056346573036341 0.7990574212555362
1 0.6654187858385953 0.594218799819773 0.6616575267203534 0.5299948962971476 0.7509374513368746 0.5270537752648186 0.7546987104551164 0.5912776787874441
1 0.6886763274988684 0.80622925289289 0.6829241730265863 0.7294899324546686 0.7797514276921444 0.7254073709455846 0.7855035821644266 0.802146691383806
1 0.6785667125869584 0.7281694391808684 0.6763331721836656 0.6607647083472683 0.7716030481411204 0.658988959420946 0.7738365885444132 0.726393690254546
1 0.22253451057444104 0.6663708571210464 0.22529317756662856 0.6017987135663588 0.31226343545200513 0.6038887187321943 0.30950476845981767 0.6684608622868818
1 0.8115039071860248 0.8049519131360195 0.8035867522381082 0.730188119190707 0.9004501943764752 0.724418326121793 0.9083673493243919 0.7991821200671055
4 0.21531625629516146 0.8107250412302132 0.23502942475921307 0.5364998138134622 0.3193749129731946 0.539910434415839 0.29966174450914296 0.8141356618325899
1 0.11421546310569665 0.6691483415583095 0.1170879403192383 0.604910670659872 0.20351501581682943 0.6070845685979405 0.20064253860328776 0.6713222394963779
3 0.7957629698328199 0.7262240223385699 0.7882024229578201 0.65485634655732 0.837857905716306 0.6518973709006419 0.8454184525913061 0.7232650466818918
1 0.3360394284781052 0.6002707036601491 0.3371999916291469 0.5367558110820242 0.422778676308963 0.5376354032289432 0.4216181131579213 0.6011502958070682
1 0.4455044508319756 0.5980590328785469 0.4445826848480652 0.534492843797592 0.5308620627586671 0.5337890846811231 0.5317838287425775 0.597355273762078
1 0.44565736430964714 0.6614909421351843 0.4457304983079454 0.5981816785622405 0.5352116119256861 0.5982398227037684 0.5351384779273879 0.6615490862767123
1 0.5628937514864502 0.7297039445619647 0.5618252293510333 0.6621831926088398 0.6550790923951305 0.6613530826741709 0.6561476145305474 0.7288738346272957
1 0.3298772175035609 0.7345785477961594 0.33109320057647756 0.6651156571711594 0.42268913551510906 0.666017588357798 0.42147315244219247 0.735480478982798
1 0.7773729638848202 0.5914896645739042 0.7724064925306535 0.5282977700426542 0.8625897639797632 0.5243108725354708 0.8675562353339298 0.5875027670667208
4 0.6950959228140864 0.8080307601444051 0.6649741063094183 0.5303005412681825 0.7528722441097825 0.5249381287132624 0.7829940606144506 0.8026683475894849
1 0.21703601172563897 0.7355189516206699 0.21922265723345147 0.6681212465425449 0.30834601703864944 0.6697477213861613 0.30615937153083694 0.7371454264642863
2 0.1058140550500457 0.7242902812855518 0.10902843496921873 0.6877195731963791 0.11542960299711634 0.6880360527017485 0.11221522307794332 0.7246067607909212
1 0.12191814409949726 0.6069441272210597 0.12427026640923883 0.5425459455002022 0.20931726568959394 0.5442932468712826 0.20696514337985242 0.6086914285921401
1 0.6722653451562823 0.6591199665307704 0.6690679564246552 0.5959663341507568 0.7608433828917621 0.593352692493987 0.7640407716233893 0.6565063248740005
1 0.22742128299302727 0.6009396956853683 0.2304744465246641 0.537663136321199 0.3156666674243728 0.5399753591073639 0.312613503892736 0.6032519184715333
0 0.35409192451345656 0.5751027813645719 0.3533253364029585 0.5632171479144975 0.3842039675617735 0.5620968840864898 0.3849705556722716 0.5739825175365642
1 0.33196544258040916 0.6646234645313537 0.3339168585960341 0.6008337916797912 0.4227079475684514 0.602361679255358 0.4207565315528265 0.6661513521069204
2 0.21762640820677587 0.7217713746509407 0.21807750902315134 0.6848576939252626 0.22377963824262012 0.6848968902947704 0.22332853742624464 0.7218105710204484
2 0.3325526876667023 0.6513039395865874 0.33202130204306124 0.6166125538745394 0.33871374193012505 0.6165548911500065 0.3392451275537661 0.6512462768620545
2 0.6712261148413002 0.6439172637079715 0.6684018960913002 0.608949124059534 0.6741842041691164 0.6086864304198694 0.6770084229191163 0.6436545700683068
2 0.32992160284869876 0.7195760448629032 0.33069685508211566 0.6818202177733506 0.33636960088472867 0.6818857379240281 0.33559434865131177 0.7196415650135806
2 0.8101427082120242 0.7830022497583782 0.8046663354266602 0.743986519671889 0.810376132568245 0.7435357066304867 0.815852505353609 0.7825514367169759
3 0.5649596618580367 0.8099180052905268 0.5649311937209575 0.7304098696545834 0.6279233543386256 0.7303971827255655 0.6279518224757048 0.809905318361509
0 0.24514097105279226 0.567015537936786 0.2760376771887993 0.567015537936786 0.2760376771887993 0.5790083383448413 0.24514097105279226 0.5790083383448413
0 0.13930620135006663 0.5695563854808655 0.17115149056919668 0.5695563854808655 0.17115149056919668 0.5818540875942104 0.13930620135006663 0.5818540875942104
0 0.4623664970879642 0.559596263108074 0.49285666761691843 0.559596263108074 0.49285666761691843 0.5718939652214189 0.4623664970879642 0.5718939652214189
0 0.6843349385387512 0.5542096663146253 0.7153671565437758 0.5542096663146253 0.7153671565437758 0.5670155379367862 0.6843349385387512 0.5670155379367862
0 0.8006041221558303 0.5526851577881776 0.8315008282918371 0.5526851577881776 0.8315008282918371 0.5639665208838907 0.8006041221558303 0.5639665208838907
1 0.4464472528629613 0.66319463828069 0.537757658078143 0.66319463828069 0.537757658078143 0.7308506880201114 0.4464472528629613 0.7308506880201114
2 0.11493289487820339 0.6233644885063877 0.12173926571431895 0.6233644885063877 0.12173926571431895 0.6574178818351809 0.11493289487820339 0.6574178818351809
2 0.12234236186435447 0.5613317416455884 0.13018261181481663 0.5613317416455884 0.13018261181481663 0.5938989337475081 0.12234236186435447 0.5938989337475081
2 0.22779803152771352 0.5577777821900217 0.23425977599238013 0.5577777821900217 0.23425977599238013 0.5906680615151748 0.22779803152771352 0.5906680615151748
2 0.22305941892029105 0.6198105290508212 0.22934885019923354 0.6198105290508212 0.22934885019923354 0.6545747142707263 0.22305941892029105 0.6545747142707263
2 0.336527651719837 0.5546115274023352 0.3413524209201214 0.5546115274023352 0.3413524209201214 0.5878248939507216 0.336527651719837 0.5878248939507216
2 0.4449126455405116 0.5512514202807084 0.44878969221931153 0.5512514202807084 0.44878969221931153 0.5845294042737414 0.4449126455405116 0.5845294042737414
2 0.4457742114691339 0.6134134020308013 0.44965125814793383 0.6134134020308013 0.44965125814793383 0.648500674473941 0.4457742114691339 0.648500674473941
2 0.446635777397756 0.6791293432364607 0.45034051089083155 0.6791293432364607 0.45034051089083155 0.7164136087975869 0.446635777397756 0.7164136087975869
2 0.5619994552402706 0.6770615850077674 0.5674273205905904 0.6770615850077674 0.5674273205905904 0.713893528456367 0.5619994552402706 0.713893528456367
2 0.6627165122962074 0.5461466421536217 0.6699536660966341 0.5461466421536217 0.6699536660966341 0.5791015389234214 0.6627165122962074 0.5791015389234214
2 0.6765015671541623 0.6751230616683676 0.6832217813974162 0.6751230616683676 0.6832217813974162 0.7120842400062604 0.6765015671541623 0.7120842400062604
2 0.6842556605117629 0.74523298911 0.6923543802408116 0.74523298911 0.6923543802408116 0.7840680733426465 0.6842556605117629 0.7840680733426465
2 0.7841973082319398 0.6063701005643146 0.7941053164110953 0.6063701005643146 0.7941053164110953 0.6417804602306876 0.7841973082319398 0.6417804602306876
2 0.7742031434599219 0.5436265618124019 0.7830772725247308 0.5436265618124019 0.7830772725247308 0.5767106934714948 0.7742031434599219 0.5767106934714948
3 0.029976091781212175 0.670764356387157 0.11536851113163897 0.670764356387157 0.11536851113163897 0.7407250048041629 0.029976091781212175 0.7407250048041629
