1 0.6925176597362726 0.8166929792350053 0.6935050124128959 0.7571745439995646 0.7680872059611827 0.7578704947092412 0.7670998532845595 0.8173889299446817
1 0.7710410396204938 0.8179865360386878 0.769588240141327 0.7589157352574377 0.8486453673890251 0.7578220398889798 0.8500981668681917 0.8168928406702298
4 0.5429556471270843 0.8103418409853472 0.5446637809352354 0.7571554162431461 0.8474495098963962 0.7626253116216898 0.8457413760882451 0.8158117363638909
1 0.6167791705535172 0.8145831801737979 0.6188098993681871 0.7551828020920655 0.693132208543299 0.7566120397261502 0.6911014797286292 0.8160124178078827
1 0.5427306845255601 0.8143464786037672 0.5435656728137022 0.7559567828797161 0.6195214304894257 0.7565677634491552 0.6186864422012835 0.8149574591732063
0 0.7993575370831805 0.7975280087091464 0.7988285311876978 0.7675172935257533 0.8205664294422327 0.7673017553289043 0.8210954353377152 0.7973124705122974
2 0.7085548754852682 0.7612415108170661 0.7085735616425373 0.758000420117081 0.7502080016770084 0.7581354419719285 0.7501893155197393 0.7613765326719135
2 0.7851846153855306 0.7621386505861001 0.7852229109517578 0.759036177275407 0.8258558010231128 0.7593183016966362 0.8258175054568857 0.7624207750073292
2 0.6340404223670059 0.7590206334854948 0.634166142707499 0.7554269522069793 0.6752635543576246 0.7562356811549317 0.6751378340171315 0.759829362433447
2 0.5595359504766847 0.75879037119139 0.5595963093889653 0.754797998337034 0.6022313187419557 0.7551605744595479 0.6021709598296751 0.7591529473139039
