3 0.21877906307318168 0.9232394366185188 0.22092465226589003 0.8677618975560187 0.3472058002080684 0.8705090985377313 0.34506021101536005 0.9259866376002313
4 0.01955476131262798 0.8700203186803644 0.019545711448816217 0.7897121060212609 0.4651061938730809 0.7896838629920215 0.46511524373689267 0.8699920756511251
3 -0.009752467775738145 0.9698740105185693 0.003505853350563951 0.8631528191123192 0.13035898429592044 0.8720174689736183 0.11710066316961833 0.9787386603798683
2 0.3758480216182096 0.8747955030627523 0.3759565587200316 0.868985064071328 0.43720134878487404 0.8696285824464701 0.4370928116830521 0.8754390214378944
2 0.2670809500809115 0.8753863258930901 0.2670809500809115 0.8701130967913394 0.3274919363127045 0.8701130967913394 0.3274919363127045 0.8753863258930901
2 0.15736031616697105 0.8760608697592702 0.15768242191031723 0.8686811849174748 0.21870670912328144 0.8701794404692583 0.21838460337993523 0.8775591253110536
2 0.04689756838685239 0.8762570480214198 0.04744575756627622 0.8679588526779043 0.10917475609485335 0.8702526685984368 0.10862656691542952 0.8785508639419524
0 0.03692071855858573 0.9335914304313156 0.04679726167574951 0.8853394981353543 0.0839983749634446 0.8896227017258461 0.07412183184628082 0.9378746340218075
3 0.3350395715398902 0.9369359017515664 0.3375560103419735 0.8679732552671914 0.4703410233494327 0.8706987418031211 0.4678245845473493 0.9396613882874961
3 0.10382446911389347 0.9686307239887993 0.11263241182222672 0.8654778919575494 0.24222858123251828 0.8717024427746294 0.23342063852418501 0.9748552748058793
